date,hour,type,北京,天津,石家庄,唐山,秦皇岛,邯郸,保定,张家口,承德,廊坊,沧州,衡水,邢台,太原,呼和浩特,沈阳,大连,长春,哈尔滨,上海,南京,苏州,南通,连云港,徐州,扬州,无锡,常州,镇江,泰州,淮安,盐城,宿迁,杭州,宁波,温州,绍兴,湖州,嘉兴,台州,舟山,金华,衢州,丽水,合肥,福州,厦门,南昌,济南,青岛,郑州,武汉,长沙,广州,深圳,珠海,佛山,中山,江门,东莞,惠州,肇庆,南宁,海口,重庆,成都,贵阳,昆明,拉萨,西安,兰州,西宁,银川,乌鲁木齐,湘潭,株洲,包头,鄂尔多斯,营口,丹东,盘锦,葫芦岛,泉州,临沂,德州,聊城,滨州,淄博,枣庄,烟台,潍坊,济宁,泰安,日照,威海,东营,韶关,汕头,湛江,茂名,梅州,汕尾,河源,阳江,清远,潮州,揭阳,云浮,玉溪,菏泽,大同,长治,临汾,阳泉,赤峰,鞍山,抚顺,本溪,锦州,吉林,齐齐哈尔,牡丹江,大庆,芜湖,马鞍山,九江,洛阳,安阳,开封,焦作,平顶山,三门峡,宜昌,荆州,岳阳,常德,张家界,桂林,北海,柳州,三亚,绵阳,宜宾,攀枝花,泸州,自贡,德阳,南充,遵义,曲靖,咸阳,铜川,延安,宝鸡,渭南,金昌,嘉峪关,石嘴山,克拉玛依,巴音郭楞州,寿光,章丘,即墨,胶南,胶州,莱西,平度,蓬莱,招远,莱州,荣成,文登,乳山,吴江,昆山,常熟,张家港,太仓,句容,江阴,宜兴,金坛,溧阳,海门,临安,富阳,义乌,诸暨,瓦房店,信阳,周口,漳州,晋城,朔州,晋中,运城,忻州,吕梁,乌海,通辽,呼伦贝尔,巴彦淖尔,乌兰察布,兴安盟,锡林郭勒盟,阿拉善盟,阜新,辽阳,铁岭,朝阳,四平,辽源,通化,白山,松原,白城,延边朝鲜族自治州,鸡西,鹤岗,双鸭山,伊春,佳木斯,七台河,黑河,绥化,大兴安岭地区,蚌埠,淮南,淮北,铜陵,安庆,黄山,滁州,阜阳,宿州,六安,亳州,池州,宣城,莆田,三明,南平,龙岩,宁德,景德镇,萍乡,新余,鹰潭,赣州,吉安,宜春,抚州,上饶,鹤壁,新乡,濮阳,许昌,漯河,南阳,商丘,驻马店,黄石,十堰,襄阳,鄂州,荆门,孝感,黄冈,咸宁,随州,恩施土家族苗族自治州,衡阳,邵阳,益阳,郴州,永州,怀化,娄底,湘西州,梧州,防城港,钦州,贵港,玉林,百色,贺州,河池,来宾,崇左,广元,遂宁,内江,乐山,眉山,广安,达州,雅安,巴中,资阳,阿坝藏族羌族自治州,甘孜州,甘孜藏族自治州,凉山彝族自治州,六盘水,安顺,铜仁地区,毕节,黔西南布依族苗族自治州,黔东南苗族侗族自治州,黔东南州,黔南布依族苗族自治州,保山,昭通,丽江,普洱,临沧,楚雄州,红河州,文山州,西双版纳州,大理州,德宏州,怒江州,迪庆州,昌都,山南,日喀则,那曲地区,那曲,阿里地区,林芝,汉中,榆林,安康,商洛,白银,天水,武威,张掖,平凉,酒泉,庆阳,定西,陇南,临夏回族自治州,甘南州,海东地区,海北藏族自治州,黄南藏族自治州,海南藏族自治州,果洛藏族自治州,玉树藏族自治州,海西蒙古族藏族自治州,吴忠,中卫,固原,吐鲁番地区,哈密地区,昌吉州,博尔塔拉蒙古自治州,阿克苏地区,克孜勒苏柯尔克孜自治州,喀什地区,和田地区,伊犁哈萨克州,塔城地区,阿勒泰地区,石河子,五家渠,三沙,兰州新区,赣江新区,儋州,雄安新区,西咸新区
20210920,0,AQI,24,21,27,24,28,28,29,29,23,39,26,22,28,14,34,75,26,36,17,33,60,37,40,38,9,53,47,51,50,53,58,37,64,69,30,27,51,45,46,27,30,45,55,36,67,36,25,47,15,28,14,18,17,19,15,11,13,9,10,28,22,13,41,21,33,25,26,21,23,17,50,28,47,75,24,42,36,32,54,23,41,27,27,29,26,15,24,16,20,24,23,11,22,38,28,25,27,28,10,17,28,23,32,15,16,27,23,21,13,22,23,19,63,20,60,35,50,21,51,52,38,34,20,71,81,38,23,27,17,33,20,16,13,17,20,22,17,35,16,39,13,27,30,37,24,26,35,28,22,16,23,19,33,17,22,32,31,53,65,82,23,13,33,33,28,24,23,,23,28,27,26,27,46,40,48,52,40,50,46,47,47,51,35,63,,43,65,,24,20,30,23,21,20,17,23,51,60,30,60,47,27,30,23,31,72,27,53,95,61,55,33,54,18,26,25,42,29,53,24,54,20,19,20,27,55,45,12,51,48,55,69,16,17,21,18,44,56,23,40,38,37,36,59,39,57,38,32,50,48,50,50,25,21,22,19,16,13,18,18,53,20,14,51,18,19,34,14,18,23,40,30,20,32,37,16,43,15,51,35,72,59,46,18,39,18,35,39,19,23,28,28,23,36,32,23,17,22,37,,48,17,18,15,15,23,19,17,,13,11,30,21,21,37,11,27,18,19,14,29,17,57,17,30,43,77,,22,22,24,27,16,13,28,35,61,50,22,27,26,58,53,39,40,37,27,53,34,53,34,29,47,36,22,61,109,80,97,86,82,153,135,114,98,48,93,67,,60,52,22,26,23
20210920,0,PM2.5,17,12,9,15,7,4,20,20,16,27,6,8,4,10,14,55,7,16,11,22,41,24,28,16,6,32,25,30,28,31,41,25,39,50,15,14,29,28,28,16,13,27,31,23,26,16,16,22,9,6,10,6,11,7,5,8,6,3,4,11,11,6,22,8,17,14,9,11,8,8,17,15,16,29,11,15,17,19,32,8,29,19,14,16,3,2,6,11,7,6,9,5,6,11,9,4,13,19,7,5,19,12,12,6,6,15,12,6,8,,10,4,45,9,26,12,30,11,36,26,16,20,10,52,60,22,16,4,12,20,14,10,6,6,7,2,6,24,4,22,9,14,15,26,17,18,12,16,15,10,10,6,10,8,6,7,12,21,23,39,13,2,14,5,5,3,2,,2,4,5,7,6,25,20,27,25,23,35,26,29,26,28,21,38,,28,47,,9,5,17,4,15,14,10,10,12,19,21,28,20,18,20,12,12,43,19,26,71,25,35,10,15,6,12,16,15,15,30,10,25,13,10,9,19,34,28,7,28,29,39,50,8,10,10,4,28,40,14,23,21,23,14,40,27,37,22,13,26,28,29,32,14,15,14,13,11,9,6,11,24,10,10,26,10,3,24,6,5,3,28,19,6,14,26,10,30,7,21,15,26,23,17,6,16,10,22,14,12,11,17,17,13,20,11,10,8,8,22,,8,6,11,10,4,16,9,10,,4,8,18,11,13,26,8,19,8,8,10,20,10,28,5,13,17,55,,7,8,12,6,6,5,9,16,15,22,9,13,8,19,5,27,10,24,11,28,24,24,11,19,16,16,10,20,57,38,25,41,23,91,62,73,25,13,47,27,,21,20,8,16,9
20210920,0,PM2.5_24h,20,19,12,36,20,6,17,24,22,25,13,11,9,8,20,38,21,16,12,24,30,24,27,12,27,32,25,30,29,32,26,17,29,37,19,22,35,31,25,24,14,32,36,23,32,16,17,35,10,10,5,27,30,9,5,7,7,5,7,8,9,12,21,7,11,7,6,8,7,6,17,16,15,21,30,33,17,14,40,16,40,28,17,18,8,10,11,15,28,14,17,21,9,13,12,8,15,15,11,9,14,13,9,10,14,18,19,14,7,10,19,4,18,8,21,39,23,15,37,16,7,16,11,33,35,35,7,4,3,10,10,5,39,33,28,35,22,20,11,20,9,14,5,18,11,8,11,10,9,10,6,5,5,8,4,8,13,19,16,26,20,10,9,13,14,24,16,,19,18,9,10,13,27,23,26,27,25,29,28,31,30,34,19,32,26,32,38,,27,17,22,11,11,10,11,9,8,25,22,17,20,24,15,10,22,35,31,23,34,18,22,15,12,10,14,11,9,15,28,10,17,14,9,8,13,34,33,25,39,35,27,31,30,28,28,23,36,35,17,27,21,21,15,33,35,39,25,17,25,39,28,38,8,5,4,6,10,7,18,23,35,12,26,40,30,24,35,23,29,9,30,22,15,16,18,13,27,10,21,17,20,19,22,17,19,16,23,17,8,7,9,7,9,9,10,5,6,7,15,,6,7,10,8,8,4,8,9,,4,10,15,7,10,14,5,13,11,6,10,12,8,10,7,9,8,21,,7,8,7,8,4,4,7,10,11,14,7,16,6,11,6,25,8,23,12,15,21,17,7,13,15,14,9,19,27,24,17,25,33,73,50,35,16,11,31,26,,15,43,10,17,6
20210920,0,PM10,14,18,8,21,17,6,25,15,21,39,5,4,6,14,34,99,16,36,17,33,70,37,37,31,9,55,47,52,50,55,54,37,77,84,27,27,52,45,46,27,24,45,60,36,84,36,25,47,9,22,13,6,4,19,15,10,13,9,10,28,22,13,41,21,33,25,26,21,18,14,50,28,47,100,24,42,36,32,58,20,21,24,27,28,2,3,4,10,7,12,13,7,2,27,26,4,27,28,8,17,28,23,32,15,16,27,22,21,9,3,14,13,41,10,70,35,50,21,18,54,38,34,20,79,90,38,23,8,16,33,19,15,13,14,10,6,17,35,16,39,13,27,30,20,21,24,35,28,22,10,23,19,33,17,14,31,31,55,80,114,21,2,33,25,18,17,10,,10,12,18,19,15,46,40,48,53,40,47,46,47,47,51,32,75,,43,71,,12,6,30,15,19,19,12,23,52,70,29,70,47,27,30,23,29,94,25,56,92,72,60,33,57,18,26,25,42,29,55,24,57,20,12,20,25,59,45,6,51,48,54,79,8,17,21,7,44,59,23,40,38,37,36,68,30,64,38,32,50,48,50,50,23,21,5,14,14,13,3,9,56,20,10,51,10,2,22,5,4,23,38,30,13,28,35,16,35,15,52,35,93,67,46,4,39,10,35,39,19,23,28,28,20,36,32,23,17,21,37,,48,9,18,13,15,22,19,17,,13,8,30,21,21,8,6,12,9,19,14,28,17,64,16,30,43,103,,15,22,24,9,16,13,28,35,72,50,22,27,26,66,56,37,40,37,18,55,34,56,34,29,47,36,22,72,168,110,143,121,113,256,220,178,146,48,136,84,,69,53,22,26,23
20210920,0,PM10_24h,28,32,16,54,48,8,22,34,42,34,16,11,13,13,45,77,35,46,38,40,55,39,38,30,52,63,49,54,54,53,46,32,55,67,32,41,59,61,42,40,27,52,70,29,74,32,29,74,13,23,7,48,53,22,13,12,21,12,18,20,20,21,36,17,18,15,20,17,19,12,36,29,40,77,45,46,35,24,66,31,38,45,30,43,10,10,14,16,52,26,25,34,8,27,23,14,27,25,18,24,24,23,25,19,22,33,31,25,12,14,36,8,13,11,57,69,53,35,58,35,21,36,14,56,63,60,8,9,6,13,13,10,55,55,45,60,35,34,23,35,18,25,11,20,12,15,31,16,15,11,13,12,13,17,10,53,45,64,62,99,24,17,10,32,27,35,24,,28,27,19,20,21,50,48,43,51,42,52,49,47,49,58,31,59,61,52,60,,43,34,36,16,21,12,12,16,18,155,38,37,57,43,23,34,52,77,65,52,69,48,41,34,42,27,25,25,31,30,54,20,40,30,15,19,22,64,65,48,71,61,40,65,49,54,61,43,58,52,29,41,34,36,32,57,52,69,42,34,45,70,50,62,11,12,4,9,14,13,35,29,68,20,32,83,41,48,83,46,41,25,45,37,27,29,33,28,42,18,46,33,41,37,35,36,33,38,38,31,18,12,17,15,15,17,17,12,13,13,22,,25,13,13,9,20,8,18,13,,10,10,14,14,13,13,11,16,15,15,9,16,13,17,14,21,21,44,,17,18,18,17,10,10,20,21,35,33,19,59,15,29,32,37,18,32,12,22,34,26,19,27,50,42,21,70,93,89,85,79,123,215,162,105,68,38,78,102,,30,100,19,28,11
20210920,0,SO2,3,6,3,3,4,4,4,5,9,2,4,8,3,4,6,13,6,5,7,5,4,5,6,5,6,11,5,7,5,8,5,4,7,7,7,4,6,6,8,5,5,4,5,6,5,5,8,9,6,5,4,6,5,6,6,4,7,3,4,6,6,8,7,4,8,5,6,8,8,5,9,9,7,11,4,5,8,6,12,5,7,11,7,4,4,6,5,4,10,6,4,5,5,4,4,7,10,7,4,9,6,7,6,6,7,7,4,10,6,4,7,9,13,6,13,6,16,10,11,30,5,4,5,9,7,9,3,7,6,4,6,7,7,7,7,6,2,27,6,5,4,7,8,20,10,4,6,4,5,5,7,4,4,4,5,3,7,16,7,4,8,5,3,5,5,7,8,,6,5,3,5,6,8,9,8,7,9,5,7,8,6,8,7,6,,6,6,,6,7,6,4,8,6,5,10,10,86,3,4,7,16,2,13,6,10,13,15,9,9,9,14,10,4,7,7,7,8,8,4,8,3,7,4,6,6,5,5,10,9,8,8,8,2,5,3,6,5,7,4,5,6,6,13,10,37,5,10,11,5,5,15,15,6,5,8,5,8,7,8,8,7,6,7,2,4,7,7,5,7,19,8,2,21,7,4,4,4,10,11,10,4,17,5,6,7,94,11,3,6,7,8,8,4,5,7,5,5,11,,8,8,6,7,2,6,6,5,,3,7,17,7,8,5,5,9,7,8,5,3,4,9,9,6,5,10,,8,10,12,3,9,6,32,6,5,10,4,4,9,6,10,5,7,9,7,7,13,9,8,13,8,8,5,6,9,22,11,10,5,8,9,10,12,3,18,17,,10,5,22,6,7
20210920,0,SO2_24h,3,6,3,4,13,4,4,5,12,2,4,8,3,4,8,20,7,6,8,5,5,5,6,6,7,12,5,8,6,7,4,4,6,7,7,5,7,8,7,5,6,5,5,6,7,4,5,11,5,5,3,9,9,7,6,5,6,3,5,6,6,8,7,3,7,5,6,8,8,5,9,15,9,10,12,10,9,7,8,7,12,10,5,6,4,6,7,5,9,6,3,5,5,4,5,7,9,7,4,9,6,7,6,6,7,6,8,11,8,4,11,9,3,9,18,10,14,12,20,13,5,5,5,9,7,10,3,6,4,3,5,5,7,8,11,8,2,11,6,9,4,8,7,12,8,3,6,5,5,5,7,3,4,4,5,7,8,16,7,5,8,5,3,6,5,8,7,,9,6,8,6,6,8,10,8,8,8,6,8,9,7,9,7,7,3,6,6,,7,8,6,4,8,6,5,10,9,23,7,4,7,18,2,13,6,15,15,8,12,9,13,14,14,5,7,7,7,8,9,5,9,6,5,7,6,10,8,7,10,7,8,8,10,4,5,3,6,7,5,6,5,7,5,12,24,38,8,8,12,12,7,17,6,5,5,6,5,8,7,7,16,6,7,13,3,8,14,8,8,7,14,14,4,11,8,5,10,4,10,10,9,4,16,14,9,7,22,10,6,7,7,9,9,4,6,7,5,5,11,,8,8,4,6,2,6,5,4,,4,7,8,7,8,5,9,7,6,8,5,9,4,9,9,7,4,9,,7,9,6,5,7,6,14,9,5,8,4,5,8,6,10,6,7,11,7,9,14,9,8,14,9,9,5,6,11,17,12,8,4,6,6,10,11,4,11,16,,11,8,13,5,7
20210920,0,NO2,17,14,6,18,12,7,13,13,23,19,9,14,6,27,36,35,8,25,24,15,16,10,16,10,14,23,13,20,20,21,14,6,17,42,13,20,15,27,18,7,10,29,28,11,18,17,24,20,29,4,24,13,7,24,12,10,17,12,14,22,10,19,28,20,39,43,32,23,26,21,62,48,30,74,10,13,25,20,37,6,17,40,20,11,7,13,5,19,17,12,5,12,11,3,6,3,20,9,8,9,16,6,18,11,24,14,6,16,14,13,13,15,43,24,20,13,29,21,26,42,28,14,20,23,17,15,15,10,18,34,37,31,15,9,9,6,7,18,7,13,9,17,37,32,23,25,51,21,23,17,23,11,30,17,22,8,15,37,27,65,10,25,10,3,13,6,10,,11,4,7,5,4,17,14,19,16,13,8,16,12,10,14,17,29,,13,29,,10,6,9,16,27,25,9,21,38,76,11,37,21,15,16,7,7,39,20,30,15,39,26,17,21,10,11,16,26,9,13,7,23,25,5,17,15,8,11,9,14,28,12,16,7,7,9,3,13,23,13,29,17,10,14,15,14,17,16,12,10,24,14,20,23,21,9,24,16,20,10,10,10,12,18,9,8,8,4,7,9,6,17,12,6,11,8,13,7,4,33,10,33,33,14,4,9,7,15,18,22,29,37,44,46,26,34,28,16,43,8,,53,7,29,6,15,19,24,13,,6,6,19,9,11,10,11,11,9,11,13,15,14,19,6,22,25,40,,28,11,21,17,10,17,46,25,69,43,33,17,8,48,37,20,39,68,15,4,38,18,28,8,21,54,27,28,91,103,47,57,37,77,68,102,13,5,57,27,,46,24,14,19,18
20210920,0,NO2_24h,19,23,12,37,33,10,15,19,31,19,17,17,11,19,34,40,26,31,24,19,18,16,13,11,18,26,19,26,24,18,11,9,15,33,17,20,26,24,21,12,15,24,25,9,24,10,12,27,26,12,15,19,13,24,11,10,17,9,14,19,11,17,18,11,20,18,13,14,15,15,37,31,26,34,16,15,28,16,31,18,40,36,10,17,10,18,10,29,16,23,21,19,11,8,18,8,14,9,6,8,11,6,12,11,18,11,11,13,13,16,25,12,23,22,39,28,27,23,32,26,12,17,12,20,21,23,12,14,11,16,19,20,21,16,11,14,13,16,7,12,7,23,19,20,14,13,26,12,11,13,17,12,20,16,19,9,11,25,24,34,24,39,15,13,28,19,12,,20,14,13,16,12,24,25,25,24,26,17,26,15,15,16,13,27,32,23,21,,19,9,12,17,25,19,13,17,22,25,16,20,17,26,10,17,7,29,29,27,25,36,23,19,20,15,12,14,24,12,19,9,21,22,12,17,12,14,15,14,29,20,9,21,13,13,14,9,17,22,6,18,9,15,9,17,20,24,14,11,8,19,13,18,15,17,9,17,13,11,18,11,20,13,13,20,14,15,17,9,12,7,14,15,10,9,8,10,15,7,25,13,17,14,11,12,12,17,12,12,17,10,18,16,18,10,23,15,16,13,6,,27,8,12,4,12,9,10,12,,5,8,8,6,8,10,9,6,7,9,10,14,10,9,5,19,13,20,,11,7,12,22,11,12,20,15,22,22,32,20,9,28,22,18,12,32,8,4,18,14,10,9,20,19,22,26,45,41,27,26,12,40,31,51,13,15,46,37,,23,28,11,17,13
20210920,0,O3,44,68,85,76,88,90,82,73,72,61,83,70,91,46,35,41,83,29,25,95,143,93,91,123,30,109,95,110,118,69,106,115,144,41,96,60,96,59,85,83,95,48,47,85,37,42,50,51,29,88,45,59,55,14,28,21,10,10,13,29,54,12,32,11,23,36,18,39,73,55,19,31,49,57,48,44,66,77,35,72,65,38,38,92,82,48,78,49,64,78,73,35,71,122,88,79,54,75,22,17,63,64,47,14,6,58,72,16,40,69,74,61,13,64,51,46,17,39,50,12,21,24,34,139,166,89,36,85,55,14,21,29,18,55,64,69,39,47,32,60,19,67,23,18,28,73,33,51,12,52,45,28,3,47,69,101,82,28,77,34,73,33,76,104,89,78,74,,72,88,85,84,87,93,104,92,87,109,132,119,94,115,112,111,79,,71,42,,76,64,76,72,50,41,54,48,22,23,54,12,59,87,19,69,100,12,32,24,58,11,9,5,11,44,33,11,5,23,10,7,9,11,60,29,13,45,38,37,100,67,31,166,52,32,52,57,97,85,53,25,48,75,49,68,81,50,32,43,61,42,52,58,58,45,71,35,47,35,56,59,49,18,46,50,56,61,61,45,56,30,54,34,63,101,64,33,53,27,12,40,19,12,26,58,54,59,51,15,29,20,39,13,17,20,16,31,52,16,29,,3,54,23,48,15,13,17,22,,24,14,37,39,19,10,27,33,58,10,35,9,13,37,54,70,51,23,,69,52,41,86,12,42,33,29,20,38,33,85,82,10,19,44,8,1,86,72,48,59,47,93,47,23,52,76,14,18,47,21,47,6,13,6,33,77,78,84,,43,52,4,66,44
20210920,0,O3_24h,72,80,99,84,100,96,93,91,79,84,100,98,91,89,91,122,101,121,50,162,216,186,220,128,158,271,219,212,228,238,173,135,188,221,150,150,179,270,203,144,143,168,168,152,158,127,156,168,91,112,84,144,119,135,65,38,123,51,91,120,84,134,94,70,101,126,71,58,113,108,104,101,105,161,116,133,107,112,131,78,148,106,160,138,99,97,113,71,158,102,78,78,107,122,94,112,112,114,96,89,109,100,76,69,180,123,130,87,48,73,98,96,77,99,86,95,116,78,97,128,63,97,73,193,195,170,83,90,83,81,76,80,65,107,135,79,70,84,97,97,59,171,113,77,95,121,157,103,73,70,100,106,98,124,107,111,118,123,118,123,78,75,78,127,98,84,120,,112,102,99,89,116,198,192,230,209,209,216,241,226,224,224,179,128,138,144,193,,93,67,153,97,93,97,75,86,95,119,126,78,128,92,71,91,125,154,95,146,98,136,110,84,100,74,71,106,64,66,51,65,54,42,72,59,65,179,193,141,163,150,130,197,160,169,144,135,158,180,138,153,117,98,133,122,141,121,118,100,125,171,117,148,86,88,89,76,81,74,71,72,182,64,106,201,97,135,210,122,120,71,125,82,120,123,91,69,88,62,113,79,93,116,91,105,99,66,100,91,97,109,118,124,115,100,84,124,98,114,109,,103,103,70,74,53,85,67,64,,53,55,94,90,39,46,46,43,63,81,76,40,58,104,104,116,126,124,,126,111,125,94,86,102,92,121,108,119,107,122,101,123,107,108,115,110,120,123,116,119,116,119,107,102,108,132,135,158,113,110,105,106,120,140,77,103,145,158,,112,154,48,92,91
20210920,0,O3_8h,49,67,86,63,78,87,82,75,37,68,84,62,86,65,61,42,69,53,29,119,182,131,129,107,99,169,142,158,162,142,137,122,150,120,112,87,118,142,123,105,113,78,74,102,91,60,76,89,36,90,57,61,72,37,46,21,30,21,21,40,69,52,56,9,57,74,47,47,97,77,52,58,62,116,72,80,81,85,76,45,90,70,73,88,82,48,85,42,101,71,56,44,80,106,86,84,77,94,34,28,88,81,53,27,77,81,82,42,37,67,86,60,40,69,40,47,33,29,67,58,32,43,44,152,173,133,37,78,74,37,42,46,32,56,73,53,47,64,56,80,25,97,59,49,56,85,92,73,41,56,71,53,34,61,61,103,103,52,76,95,63,24,72,106,93,69,70,,61,72,86,82,99,133,130,109,101,130,177,155,158,177,156,116,107,132,77,97,,65,63,98,73,51,56,63,61,41,68,64,31,79,75,39,65,108,55,44,48,58,55,36,16,28,50,46,30,16,31,16,23,17,18,47,28,25,111,88,80,102,82,71,167,51,90,77,47,98,138,75,75,64,74,65,77,96,59,63,51,82,81,67,87,74,56,73,49,63,57,51,67,94,31,56,91,57,51,100,72,53,47,70,52,65,95,72,44,59,32,36,56,54,50,46,50,52,51,74,33,60,65,66,67,74,66,42,72,64,73,53,,40,71,47,61,28,44,36,31,,29,25,68,65,19,33,29,35,52,29,53,24,33,70,76,92,94,80,,106,75,78,82,42,68,59,70,55,72,51,92,77,56,42,75,69,59,112,100,72,99,83,108,70,74,69,95,59,109,77,61,82,64,77,85,46,68,85,130,,65,81,16,74,70
20210920,0,O3_8h_24h,62,71,87,73,82,88,85,79,50,74,84,86,86,82,73,95,88,105,42,149,198,175,186,115,128,240,196,198,211,211,165,130,170,196,142,131,154,235,187,134,133,147,145,124,147,104,123,149,78,99,77,128,108,99,56,29,92,38,64,90,77,103,81,63,84,112,64,49,106,88,90,89,89,138,104,124,93,103,112,58,130,92,138,120,93,83,91,58,133,87,59,69,101,111,86,101,99,108,75,63,90,88,70,47,139,114,113,73,37,67,88,88,69,91,67,78,94,59,86,109,60,81,66,171,180,158,75,82,80,76,68,69,41,80,126,66,57,79,84,93,45,142,94,68,83,105,134,91,65,62,86,89,84,98,81,105,114,94,98,114,72,60,73,106,94,69,99,,90,91,87,83,99,185,175,190,168,181,201,218,208,211,199,156,110,132,127,176,,66,63,133,87,75,78,69,78,80,108,104,70,110,78,62,77,117,129,80,120,85,117,96,66,81,67,62,79,52,59,38,55,48,38,68,49,58,163,164,126,141,130,120,183,127,156,129,99,134,147,119,139,109,81,113,113,124,104,110,88,113,140,107,137,80,83,81,68,71,69,57,68,157,56,62,169,79,121,177,114,94,60,107,76,108,110,85,59,84,53,98,72,84,107,82,78,88,62,95,66,86,96,103,108,107,90,72,99,79,109,87,,89,86,66,72,43,77,55,59,,52,44,87,83,35,40,37,37,52,58,68,33,53,99,93,108,120,113,,118,89,108,92,66,86,85,106,99,109,88,114,91,110,85,100,107,96,116,117,107,114,109,115,101,96,97,116,110,139,97,97,101,97,112,122,63,97,129,139,,99,139,38,84,80
20210920,0,CO,0.82,1.31,0.35,0.90,0.38,0.53,0.69,0.33,0.55,1.05,0.40,0.80,0.28,0.43,0.57,1.58,0.52,0.40,0.61,0.58,0.80,0.53,0.61,0.54,0.75,0.50,0.50,0.66,0.75,0.73,0.53,0.57,0.90,0.76,0.59,0.46,0.60,0.60,0.68,0.45,0.53,0.60,0.63,0.40,0.68,0.63,0.48,0.53,0.92,0.34,0.88,0.87,0.74,0.63,0.50,0.50,0.46,0.47,0.37,0.53,0.50,0.45,0.70,0.50,0.82,0.79,0.60,0.51,0.33,0.41,0.58,0.93,0.63,0.81,0.75,0.57,0.61,0.54,1.88,0.42,0.90,0.85,0.57,0.40,0.52,0.82,0.55,0.53,0.53,0.13,0.32,0.57,0.50,0.40,0.32,0.45,0.62,0.57,0.37,0.52,0.53,0.53,0.70,0.53,0.47,0.80,0.62,0.65,0.47,0.63,0.49,0.75,1.70,0.70,0.44,0.80,0.98,0.57,0.96,1.05,0.52,0.22,0.38,0.75,0.95,0.42,0.92,0.74,0.98,0.97,0.90,0.70,0.75,0.73,1.04,0.93,0.53,0.58,0.57,0.74,0.33,0.55,0.80,1.30,0.75,0.47,0.70,0.52,0.48,0.45,0.47,0.37,0.57,0.29,0.43,0.40,0.33,0.98,0.52,0.57,0.35,0.50,0.50,0.40,0.20,0.35,0.25,,0.35,0.65,0.50,0.30,0.60,0.45,0.60,0.67,0.45,0.70,0.75,0.70,0.75,0.65,0.75,0.35,0.70,,0.50,0.80,,0.70,0.90,0.33,0.46,0.53,0.63,0.72,0.63,0.63,1.78,0.13,0.45,0.45,0.32,0.40,0.10,0.20,0.90,0.93,0.87,0.95,0.43,1.15,0.85,0.75,0.35,0.40,0.43,0.45,0.77,0.97,0.52,0.75,0.47,0.35,0.15,0.50,0.63,0.63,0.72,0.62,0.50,0.50,0.65,0.82,0.55,0.80,0.53,0.95,0.60,0.45,1.20,0.53,0.47,0.70,0.57,0.60,1.32,0.60,0.84,0.55,0.63,0.60,0.50,2.52,0.90,0.57,1.03,1.03,0.92,0.65,0.83,1.14,0.87,0.85,0.97,0.72,1.30,0.70,0.50,0.80,0.83,0.92,0.40,0.95,0.43,0.47,0.95,0.47,0.55,0.78,0.57,0.82,0.82,0.60,0.50,0.60,0.45,0.97,0.50,0.50,0.43,0.57,0.72,0.57,0.63,0.55,0.43,0.37,0.70,0.30,,0.30,0.53,0.70,0.37,0.60,0.47,0.60,0.55,,0.55,0.70,0.75,0.65,0.45,0.60,0.60,0.60,0.30,0.35,0.55,0.75,1.00,0.65,0.45,0.45,0.60,2.00,,0.45,0.45,0.50,0.40,0.60,0.45,0.50,0.55,0.40,0.35,0.10,0.20,0.50,0.40,0.30,0.25,0.35,0.40,0.30,0.60,0.70,0.70,0.50,0.30,0.20,0.45,0.40,0.45,1.75,1.35,0.35,1.15,0.30,1.53,0.75,2.10,0.40,0.40,0.80,0.25,,0.40,0.60,0.50,1.22,0.40
20210920,0,CO_24h,0.62,0.98,0.32,0.88,0.62,0.52,0.38,0.36,0.68,0.63,0.43,0.60,0.42,0.51,0.61,1.49,0.74,0.51,0.61,0.59,0.65,0.54,0.50,0.57,0.65,0.48,0.56,0.66,0.80,0.75,0.40,0.57,0.70,0.67,0.61,0.48,0.69,0.60,0.65,0.50,0.57,0.63,0.63,0.47,0.70,0.67,0.40,0.68,0.64,0.39,0.72,0.86,0.64,0.64,0.49,0.50,0.47,0.43,0.37,0.50,0.50,0.52,0.66,0.46,0.63,0.59,0.48,0.45,0.30,0.55,0.47,0.97,0.58,0.49,0.83,0.70,0.70,0.58,1.28,0.67,0.97,0.88,0.58,0.49,0.57,0.62,0.67,0.80,0.37,0.29,0.48,0.68,0.53,0.42,0.40,0.50,0.58,0.57,0.42,0.56,0.50,0.50,0.65,0.50,0.55,0.70,0.66,0.60,0.60,0.55,0.62,0.85,0.84,0.65,0.56,1.65,0.88,0.98,0.96,0.77,0.42,0.33,0.37,0.65,0.78,0.57,0.69,0.90,0.73,0.63,0.74,0.75,0.72,0.83,0.92,0.78,0.57,0.58,0.63,0.73,0.30,0.72,0.70,0.84,0.68,0.45,0.55,0.54,0.45,0.50,0.57,0.53,0.50,0.36,0.77,0.45,0.40,0.70,0.46,0.43,0.50,0.70,0.70,0.45,0.40,0.65,0.50,,0.55,0.95,0.55,0.40,0.70,0.40,0.65,0.73,0.50,0.70,0.85,0.80,0.75,0.55,0.70,0.45,0.70,0.70,0.60,0.70,,0.65,0.82,0.43,1.14,0.60,0.47,1.00,0.67,0.50,0.75,0.13,0.40,0.40,0.50,0.37,0.15,0.30,0.84,1.32,0.70,0.70,0.53,0.95,1.05,0.60,0.45,0.45,0.43,0.27,0.53,0.97,0.58,0.60,0.60,0.40,0.20,0.40,0.67,0.68,0.68,1.07,0.63,0.43,0.63,0.80,0.45,0.83,0.67,0.82,0.55,0.45,0.73,0.47,0.47,0.60,0.57,1.03,1.18,0.63,0.86,0.60,0.78,0.60,0.58,1.18,0.85,0.53,0.88,0.92,0.80,0.73,0.80,1.22,0.93,0.88,1.13,0.76,1.30,0.80,0.47,0.93,0.80,0.70,0.40,0.80,0.45,0.55,0.82,0.60,0.55,0.80,0.60,0.73,0.55,0.58,0.70,0.67,0.55,0.67,0.40,0.63,0.33,0.45,0.78,0.47,0.43,0.68,0.43,0.57,0.57,0.30,,0.25,0.58,0.42,0.30,0.55,0.43,0.50,0.45,,0.55,0.75,0.55,0.55,0.40,0.60,0.55,0.33,0.40,0.40,0.55,0.65,0.85,0.60,0.45,0.35,0.50,0.95,,0.35,0.35,0.50,0.43,0.65,0.65,0.40,0.45,0.30,0.20,0.15,0.30,0.55,0.40,0.30,0.25,0.25,0.40,0.30,0.60,0.50,0.40,0.50,0.40,0.27,0.45,0.43,0.50,0.50,1.00,0.25,0.60,0.20,0.80,0.50,0.97,0.40,0.30,0.70,0.30,,0.45,0.80,0.50,0.57,0.50
20210920,1,AQI,21,22,26,25,29,28,28,26,23,33,26,23,28,16,37,68,27,38,20,31,60,35,43,38,10,56,43,51,52,52,60,37,72,66,29,23,49,55,48,26,28,45,56,37,51,34,27,48,14,28,16,22,20,19,13,10,11,8,14,29,20,13,39,23,32,29,28,19,24,18,47,32,46,82,18,16,31,28,60,25,49,29,35,27,24,15,23,15,10,25,24,14,14,39,28,25,26,26,14,14,33,24,52,15,17,27,20,17,11,21,23,20,54,19,50,35,53,23,44,53,35,33,18,68,69,48,25,25,21,32,22,15,17,17,19,23,10,29,13,36,13,22,31,37,20,24,36,39,21,13,22,11,30,18,23,32,29,57,60,80,23,13,25,37,29,24,24,,23,28,27,26,28,44,47,42,47,35,53,48,50,49,51,37,59,67,40,65,,23,20,30,23,21,23,20,21,44,97,30,53,49,33,34,23,33,66,39,46,81,53,53,29,42,14,26,31,40,31,51,18,50,24,19,13,26,36,27,13,47,44,47,66,15,13,16,18,43,53,28,42,35,30,37,55,34,52,33,28,44,50,46,50,24,27,23,19,15,17,18,23,34,16,16,31,18,20,20,16,14,23,42,26,21,34,34,15,26,15,45,20,59,59,39,19,30,17,36,44,19,25,28,29,25,35,31,21,18,21,32,,45,17,23,14,16,20,14,18,,11,17,40,24,16,23,18,29,19,18,14,23,28,57,19,32,28,79,,22,16,20,22,17,18,36,27,68,44,19,30,30,50,50,39,37,54,20,33,34,39,33,33,41,45,20,51,109,79,95,87,79,175,126,100,70,28,74,70,,44,63,11,26,22
20210920,1,PM2.5,15,10,8,12,5,4,16,18,14,23,4,4,4,11,13,47,6,16,12,20,37,22,30,20,7,33,27,31,26,33,43,26,50,48,14,12,28,31,30,16,11,27,30,24,17,17,17,20,5,7,11,5,10,7,4,7,6,3,5,11,10,5,22,8,16,15,9,10,9,8,17,15,16,30,11,11,15,16,43,7,34,20,15,17,3,3,6,9,6,6,9,4,7,12,7,6,12,18,7,4,20,10,14,8,6,13,11,7,4,4,12,7,38,11,20,13,37,10,31,26,15,22,12,48,50,22,17,4,15,20,14,9,9,9,7,1,7,20,5,21,7,11,17,26,14,17,13,11,12,9,10,8,10,7,5,4,13,23,28,36,11,2,9,5,4,3,6,,1,11,5,12,6,25,20,24,24,19,37,28,30,28,29,22,37,34,27,47,,11,5,17,,13,15,14,7,9,32,21,21,14,13,15,9,23,40,18,29,60,26,35,13,16,9,16,12,18,14,28,11,21,17,9,6,18,14,16,8,30,25,29,48,7,4,6,4,27,35,14,25,21,21,12,33,19,36,23,11,23,29,28,28,14,19,11,13,10,12,10,16,15,7,11,17,9,3,14,4,3,4,22,17,6,16,22,8,18,10,19,14,28,16,16,6,15,9,19,15,11,13,17,14,13,20,12,10,10,6,19,,11,5,9,10,6,13,10,10,,5,10,28,16,11,16,10,20,9,6,10,12,14,22,7,11,13,51,,9,8,10,8,8,5,12,13,14,19,7,14,9,15,4,27,11,26,11,23,24,20,12,20,13,18,8,20,64,31,23,37,32,109,65,64,28,5,33,33,,17,22,7,18,9
20210920,1,PM2.5_24h,19,17,12,34,19,6,17,24,21,24,12,11,9,8,20,39,20,16,12,24,30,24,27,13,26,32,25,31,29,32,27,17,30,38,19,21,35,32,25,24,14,31,36,23,32,16,17,34,10,10,6,26,29,9,5,7,7,5,7,8,9,11,21,7,11,7,6,8,7,6,16,17,15,21,29,32,16,14,40,15,39,28,17,17,7,9,10,15,27,13,17,21,9,13,12,7,14,15,10,9,15,13,9,10,14,17,19,13,7,10,18,4,18,8,21,38,24,15,36,16,8,16,11,34,36,34,7,4,4,10,10,5,37,32,27,31,21,20,10,20,8,13,5,19,11,8,11,11,9,9,6,5,5,8,4,8,13,19,17,27,19,10,8,12,14,22,15,,17,17,9,10,13,27,23,26,27,24,30,28,31,30,35,19,32,27,32,39,,26,15,22,11,12,10,11,9,8,25,22,17,19,24,15,10,21,36,31,23,35,19,22,15,13,10,14,11,9,15,29,10,16,14,9,7,13,33,33,25,39,35,26,32,29,27,27,22,36,35,17,27,21,21,15,32,34,39,25,17,24,38,28,37,8,5,5,6,10,7,18,21,35,10,24,39,28,23,34,22,26,8,29,21,14,16,18,12,26,10,21,16,20,19,21,17,19,16,23,17,8,7,9,7,10,10,10,5,6,7,15,,7,7,10,8,7,5,8,9,,4,10,15,8,10,13,5,14,10,6,10,12,8,10,7,9,9,22,,7,8,7,8,4,4,7,10,12,15,7,16,7,12,6,25,8,23,12,15,20,17,7,13,16,14,9,19,27,24,17,25,32,72,50,35,16,11,32,26,,15,42,10,17,6
20210920,1,PM10,10,15,10,21,12,5,21,16,12,32,4,4,6,15,37,86,15,38,20,31,69,35,41,35,9,62,43,52,53,54,59,35,94,78,26,23,49,60,48,26,24,45,62,37,52,34,27,48,7,25,16,5,2,19,13,10,11,8,14,29,20,13,39,23,32,29,28,19,18,18,47,32,46,113,6,13,31,27,55,18,25,27,35,17,4,7,5,14,5,13,18,14,4,31,15,5,26,20,14,14,33,24,53,15,17,27,18,17,11,5,13,10,40,9,50,35,54,23,28,56,35,33,18,86,76,48,25,10,18,32,22,14,17,12,8,5,10,29,13,36,13,22,31,21,20,24,36,39,21,12,22,8,30,18,14,28,29,63,70,110,15,2,10,37,17,19,12,,13,12,17,12,28,44,47,42,47,35,48,48,50,49,51,37,68,83,40,71,,13,6,30,12,21,23,14,21,44,144,28,55,49,27,34,18,23,82,39,46,74,56,55,29,42,14,26,31,40,31,51,18,50,18,10,13,24,36,27,9,47,44,47,79,9,12,16,6,43,56,28,42,35,29,37,59,34,53,33,28,44,50,46,50,22,20,6,15,15,14,4,18,34,16,10,31,10,2,12,6,5,23,42,26,13,27,34,15,22,15,45,19,67,68,39,6,30,6,36,44,19,25,28,29,25,35,31,21,18,21,32,,45,8,23,14,16,20,14,18,,11,17,33,24,12,10,18,18,5,18,12,23,28,64,19,32,28,108,,21,16,20,14,17,15,36,27,85,44,19,30,30,50,50,36,37,57,15,31,34,39,33,33,41,45,16,51,168,107,139,124,107,299,202,149,89,28,98,90,,44,76,11,23,22
20210920,1,PM10_24h,25,30,15,51,46,8,21,33,41,33,15,10,12,13,45,77,33,46,37,40,55,39,39,31,50,64,49,54,54,54,47,32,57,68,32,40,58,62,42,40,27,51,70,30,73,33,28,71,13,22,8,45,50,21,13,12,20,12,18,20,20,20,36,17,18,16,20,17,18,13,36,30,41,79,43,44,33,24,64,30,37,43,30,42,9,9,13,16,50,25,25,33,8,26,23,13,26,25,18,23,25,22,27,18,22,33,31,25,12,13,35,8,14,11,56,68,52,35,56,36,21,36,14,57,64,59,9,9,7,13,13,10,52,53,42,55,34,33,23,36,17,25,11,19,12,16,31,17,15,11,13,12,14,17,10,52,45,61,62,100,24,16,9,31,26,33,23,,27,25,19,19,20,50,48,43,51,42,52,49,48,50,59,31,60,62,51,61,,41,31,36,16,21,12,12,16,20,150,38,38,57,42,23,34,44,77,63,53,69,49,41,33,42,27,25,26,31,30,53,20,39,28,14,19,22,63,63,47,70,60,39,65,47,52,60,41,57,52,29,42,34,35,32,56,51,68,41,34,44,69,50,61,11,12,4,10,14,12,32,27,67,18,30,81,38,45,81,44,38,24,44,37,24,29,33,28,40,17,45,33,41,38,35,35,32,37,38,31,18,13,18,16,16,18,18,12,14,13,23,,27,12,13,10,19,8,18,13,,10,11,15,14,13,13,12,16,15,15,9,17,14,19,14,22,21,45,,16,18,18,15,11,10,21,21,37,34,19,59,16,29,33,36,19,33,12,22,33,27,20,27,51,42,21,69,92,88,84,80,121,210,161,105,69,38,79,100,,32,99,19,27,12
20210920,1,SO2,2,6,3,4,4,4,4,4,9,2,4,7,3,4,7,12,6,5,8,5,5,5,6,5,6,11,5,7,6,7,5,4,6,7,7,4,6,10,7,5,6,4,4,6,4,5,5,9,5,5,4,6,5,6,6,4,7,3,5,6,6,8,7,3,8,5,6,9,7,5,9,10,6,10,4,5,13,6,7,6,8,16,8,4,4,6,5,4,8,6,3,5,5,4,4,7,9,7,6,10,7,6,6,6,7,6,4,11,7,4,8,8,11,6,8,6,14,10,11,31,5,4,5,10,6,8,3,12,5,7,9,6,6,8,7,6,2,12,6,5,4,8,8,22,7,4,5,3,5,6,7,3,4,4,5,3,8,16,7,5,7,5,3,5,4,8,9,,7,5,4,4,6,9,9,7,7,9,5,7,8,7,9,8,6,3,5,6,,6,7,6,4,8,6,5,10,10,97,3,4,7,16,2,13,6,11,12,20,8,9,8,16,11,4,7,6,7,8,5,4,8,3,5,4,6,5,5,5,10,8,7,9,9,2,5,3,9,6,7,4,6,5,5,11,16,48,5,10,11,6,6,19,15,7,5,8,6,8,7,7,8,6,6,7,3,3,7,7,5,8,17,8,2,15,8,3,5,4,9,9,14,6,19,5,13,7,38,13,3,7,7,8,8,4,5,7,5,4,11,,11,8,5,7,2,5,5,5,,4,6,18,6,7,5,6,8,7,8,5,7,4,9,8,6,5,10,,8,11,10,4,10,6,43,10,5,9,4,5,8,6,11,4,7,12,7,11,13,8,8,13,7,8,5,5,10,23,14,9,6,8,3,10,12,3,18,18,,13,7,21,6,7
20210920,1,SO2_24h,2,6,3,5,12,4,4,5,12,2,4,8,3,4,8,20,7,6,8,5,5,5,6,6,7,12,5,8,6,7,4,4,6,7,7,5,7,8,7,5,6,5,5,6,7,4,5,11,5,5,3,8,8,7,6,5,6,3,5,6,6,8,7,3,7,5,6,8,8,5,9,15,9,10,12,10,9,7,8,7,11,10,5,6,4,6,7,4,9,6,3,5,5,4,5,7,9,7,4,9,6,7,6,6,7,6,8,11,8,4,11,9,3,9,18,10,14,12,20,14,5,5,5,9,7,10,3,6,4,3,5,5,7,8,11,8,2,10,6,9,4,8,7,13,8,4,6,4,5,5,7,3,4,4,5,7,8,16,7,5,8,5,3,6,5,8,7,,8,6,8,6,6,8,10,8,8,8,6,8,9,7,9,7,7,3,6,6,,7,8,6,5,9,6,5,10,9,27,7,4,7,18,2,13,6,15,15,9,12,9,13,14,14,5,7,7,7,8,8,5,9,6,5,7,6,10,7,7,10,7,8,8,10,4,5,3,6,7,5,6,5,7,5,13,23,40,8,8,11,12,7,17,7,5,5,7,5,8,7,7,15,6,7,12,3,7,13,8,7,7,13,13,4,12,8,5,10,4,11,10,9,5,15,13,9,7,20,10,7,7,7,9,9,4,6,7,5,5,11,,8,8,4,6,2,6,5,4,,4,7,8,7,8,6,9,8,6,8,5,9,4,9,9,7,5,9,,7,9,7,4,8,6,16,9,5,8,4,5,8,6,10,6,7,11,7,9,14,9,8,14,9,9,5,6,11,18,12,8,4,6,6,10,11,4,12,17,,11,8,14,5,7
20210920,1,NO2,16,13,6,18,10,6,11,13,18,17,8,14,6,27,31,28,7,27,25,14,16,10,17,10,13,19,13,20,17,20,14,6,17,41,11,20,13,25,16,7,10,23,31,12,15,17,20,16,27,4,26,11,6,24,11,8,16,10,20,21,10,19,29,20,37,49,32,22,17,20,62,57,24,81,10,11,21,15,29,5,18,33,24,11,6,11,4,19,18,9,4,10,16,3,6,4,17,7,12,8,18,5,23,13,22,15,8,16,16,12,13,14,33,26,11,16,35,18,17,42,30,13,18,23,15,19,14,14,20,29,38,30,16,10,9,6,8,15,6,13,7,21,34,32,18,26,23,10,18,23,20,11,25,13,17,7,21,47,29,73,10,24,8,3,13,6,8,,9,4,7,5,4,19,16,15,14,12,8,16,13,10,15,18,28,36,8,28,,10,6,9,14,41,26,7,18,35,79,11,32,21,11,20,5,4,35,20,26,10,46,26,17,20,10,9,15,24,10,12,6,21,21,4,11,12,6,9,7,15,21,9,17,7,5,10,4,12,19,13,27,14,7,10,8,12,22,17,10,10,19,10,23,24,19,8,25,15,25,10,11,9,12,19,9,6,6,4,7,8,4,14,8,5,10,7,11,10,4,34,7,25,33,18,4,15,9,15,16,24,25,33,44,50,24,30,29,17,38,7,,46,6,29,6,12,16,18,11,,6,5,15,8,9,11,14,12,7,11,11,18,13,18,7,18,15,30,,23,8,15,20,13,12,46,29,52,43,24,17,8,41,36,20,34,58,16,4,18,14,24,7,21,34,21,23,92,61,26,62,22,71,55,63,11,2,52,42,,40,28,14,19,18
20210920,1,NO2_24h,18,22,11,35,31,10,15,19,31,19,17,17,10,20,33,39,24,30,23,18,18,16,13,11,18,26,18,25,24,18,12,9,15,33,17,21,25,24,21,12,15,23,25,9,23,11,12,25,26,12,15,19,13,23,11,10,17,9,14,19,11,17,18,11,21,20,14,14,15,15,39,32,26,35,16,15,26,16,30,18,37,35,11,17,9,18,10,29,16,22,19,19,11,8,17,8,14,9,6,8,12,6,12,11,19,10,11,13,13,16,24,12,23,22,38,28,27,22,31,27,13,16,12,20,20,22,12,14,12,17,20,21,21,15,10,13,13,15,7,12,7,23,20,20,15,14,26,12,12,13,17,11,21,16,19,9,12,26,25,34,23,39,15,11,27,19,12,,19,13,13,15,12,23,24,25,24,24,16,26,15,14,16,13,27,32,22,21,,19,8,12,17,26,20,13,17,22,28,16,21,17,25,11,17,7,29,29,27,24,36,23,19,20,15,12,14,24,12,18,9,21,22,12,16,12,14,15,14,28,20,9,21,13,13,14,9,16,21,7,19,10,14,9,16,20,24,14,11,7,18,13,18,15,18,9,18,13,11,18,11,19,13,14,19,14,14,17,9,12,7,13,14,10,9,8,10,15,7,24,13,17,14,11,11,12,17,12,12,17,11,19,17,19,10,23,16,16,14,6,,28,8,13,5,12,10,10,12,,5,8,9,6,8,10,9,6,7,9,10,15,10,9,4,19,13,20,,11,7,12,22,11,12,21,15,24,23,31,19,9,27,22,18,13,32,8,4,18,14,11,9,20,20,21,26,44,39,27,26,13,40,31,51,13,15,46,36,,25,26,11,17,13
20210920,1,O3,45,69,82,79,94,89,88,71,72,62,84,73,90,47,36,42,86,22,24,91,131,85,87,121,32,105,85,93,107,71,94,110,138,35,93,49,94,56,81,76,88,55,44,76,31,39,53,53,32,88,35,71,63,12,22,21,10,11,8,27,47,11,26,10,19,25,13,38,77,48,17,17,51,45,59,49,70,88,35,80,63,44,34,85,77,49,75,48,33,79,77,40,45,126,88,80,44,76,17,18,52,45,33,10,5,43,65,11,34,68,73,65,19,62,58,39,9,38,54,7,14,22,32,108,146,55,37,80,45,27,21,27,19,54,62,72,33,49,33,57,21,48,14,13,28,55,69,87,11,25,43,29,3,55,72,103,77,24,71,34,72,43,80,107,92,76,78,,73,88,87,84,88,83,93,97,85,99,113,108,82,96,97,99,65,45,77,31,,72,63,72,75,31,40,54,54,20,17,54,9,53,104,8,74,104,14,23,21,69,3,6,6,11,40,33,8,4,18,12,8,5,11,62,27,12,42,44,43,93,74,31,142,49,40,50,57,95,78,48,19,58,77,49,79,74,48,27,46,57,47,60,48,48,43,74,34,43,26,59,54,52,17,40,51,57,64,64,50,45,27,54,38,67,110,63,35,44,27,10,46,20,11,18,60,40,54,47,11,23,30,25,5,10,24,23,25,41,12,24,,3,55,24,44,15,13,20,23,,29,12,41,38,19,8,30,32,62,8,32,7,12,31,49,71,58,35,,69,51,40,70,11,57,30,19,28,34,41,81,78,10,15,33,10,2,64,68,64,65,44,89,41,39,65,77,14,51,60,7,63,5,19,27,30,82,72,55,,44,49,5,62,38
20210920,1,O3_24h,72,80,99,85,100,96,94,91,79,84,93,97,91,90,91,122,100,121,50,162,216,186,220,128,158,271,219,212,228,238,173,135,188,221,150,150,179,270,203,144,143,168,168,152,158,126,156,168,91,112,84,144,119,135,65,35,123,51,91,120,84,123,94,70,101,126,71,58,113,108,104,101,105,161,115,133,107,112,131,81,148,106,160,138,99,97,113,64,158,103,79,78,107,126,94,111,112,114,96,80,109,100,76,65,180,123,130,87,48,73,94,96,77,99,86,95,116,78,97,128,63,97,73,193,195,170,83,89,83,81,76,80,62,102,135,77,70,84,97,97,59,171,113,77,95,121,157,103,73,70,100,106,98,124,107,111,118,112,118,123,78,75,80,127,98,84,120,,112,102,99,89,116,198,192,230,209,209,216,241,226,224,224,179,128,138,144,193,,85,67,153,96,91,97,75,86,95,119,126,78,128,104,71,91,125,154,95,146,98,136,110,84,100,74,71,106,64,66,51,65,54,42,72,59,65,179,193,141,163,150,130,197,160,169,144,135,158,180,138,153,117,98,128,122,141,121,118,100,125,171,117,148,84,88,89,76,81,74,71,72,182,64,103,201,96,135,210,122,114,71,125,82,120,123,91,69,88,62,113,79,93,116,91,105,99,66,100,91,97,109,118,124,115,100,84,124,98,114,109,,103,103,70,74,53,85,67,64,,53,55,94,90,39,34,46,43,63,81,76,40,58,104,104,116,126,124,,126,111,125,94,86,102,92,121,108,119,107,122,101,123,107,108,115,110,120,123,116,119,116,119,107,102,108,132,101,158,113,110,105,106,120,140,77,103,145,158,,112,154,48,92,91
20210920,1,O3_8h,45,69,82,79,94,89,88,71,72,62,84,73,90,47,36,42,86,22,24,91,131,85,87,121,32,105,85,93,107,71,94,110,138,35,93,49,94,56,81,76,88,55,44,76,31,39,53,53,32,88,35,71,63,12,22,21,10,11,8,27,47,11,26,10,19,25,13,38,77,48,17,17,51,45,59,49,70,88,35,80,63,44,34,85,77,49,75,48,33,79,77,40,45,126,88,80,44,76,17,18,52,45,33,10,5,43,65,11,34,68,73,65,19,62,58,39,9,38,54,7,14,22,32,108,146,55,37,80,45,27,21,27,19,54,62,72,33,49,33,57,21,48,14,13,28,55,69,87,11,25,43,29,3,55,72,103,77,24,71,34,72,43,80,107,92,76,78,,73,88,87,84,88,83,93,97,85,99,113,108,82,96,97,99,65,45,77,31,,72,63,72,75,31,40,54,54,20,17,54,9,53,104,8,74,104,14,23,21,69,3,6,6,11,40,33,8,4,18,12,8,5,11,62,27,12,42,44,43,93,74,31,142,49,40,50,57,95,78,48,19,58,77,49,79,74,48,27,46,57,47,60,48,48,43,74,34,43,26,59,54,52,17,40,51,57,64,64,50,45,27,54,38,67,110,63,35,44,27,10,46,20,11,18,60,40,54,47,11,23,30,25,5,10,24,23,25,41,12,24,,3,55,24,44,15,13,20,23,,29,12,41,38,19,8,30,32,62,8,32,7,12,31,49,71,58,35,,69,51,40,70,11,57,30,19,28,34,41,81,78,10,15,33,10,2,64,68,64,65,44,89,41,39,65,77,14,51,60,7,63,5,19,27,30,82,72,55,,44,49,5,62,38
20210920,1,O3_8h_24h,46,69,82,79,94,89,88,71,72,62,81,73,90,47,36,42,86,22,24,91,131,85,87,121,32,105,85,93,107,71,94,110,138,35,93,49,94,56,81,76,88,55,44,76,31,39,53,53,32,88,35,71,63,12,22,23,10,11,8,27,47,20,26,10,19,25,13,38,77,48,17,17,51,45,59,49,70,88,35,80,63,44,34,85,77,49,75,50,33,79,77,40,45,126,88,80,44,76,17,18,52,45,33,10,5,43,65,11,34,68,70,65,19,62,58,39,9,38,54,7,14,22,32,108,146,55,37,80,45,27,21,27,19,54,62,72,33,49,33,57,21,48,14,13,28,55,69,87,11,25,43,29,3,55,72,103,77,32,71,34,72,43,80,107,92,76,78,,73,88,87,84,88,83,93,97,85,99,113,108,82,96,97,99,65,45,77,31,,72,63,72,75,31,40,54,54,20,17,54,9,53,104,8,74,104,14,23,21,69,3,6,6,11,40,33,8,4,18,12,8,5,11,62,27,12,42,44,43,93,74,31,142,49,40,50,57,95,78,48,19,58,77,49,79,74,48,27,46,57,47,60,48,53,43,74,34,43,26,59,54,52,17,40,51,57,64,64,50,45,27,54,38,67,110,63,35,44,27,10,46,20,11,18,60,40,54,47,11,23,30,25,5,10,24,23,25,41,12,24,,3,55,24,44,15,13,20,23,,29,12,41,38,19,14,30,32,62,8,32,7,12,31,49,71,58,35,,69,51,40,70,11,57,30,19,28,34,41,81,78,10,15,33,10,2,64,68,64,65,44,89,41,39,65,77,36,51,60,7,63,5,19,27,30,82,72,55,,44,49,5,62,38
20210920,1,CO,0.75,1.14,0.41,0.99,0.32,0.47,0.63,0.30,0.55,0.82,0.40,0.70,0.33,0.43,0.55,1.37,0.56,0.40,0.56,0.59,0.85,0.53,0.56,0.56,0.72,0.46,0.51,0.74,0.70,0.72,0.55,0.57,0.93,0.76,0.59,0.42,0.60,0.60,0.68,0.45,0.53,0.60,0.63,0.40,0.69,0.63,0.34,0.51,0.86,0.34,0.90,0.86,0.74,0.64,0.49,0.50,0.47,0.45,0.38,0.52,0.50,0.47,0.69,0.50,0.76,0.78,0.56,0.51,0.32,0.41,0.65,1.07,0.57,0.86,0.78,0.67,0.68,0.52,1.68,0.35,0.90,0.80,0.55,0.43,0.52,0.72,0.55,0.52,0.57,0.13,0.47,0.57,0.72,0.42,0.32,0.45,0.56,0.56,0.52,0.48,0.53,0.50,0.75,0.53,0.47,0.75,0.64,0.60,0.63,0.63,0.46,0.68,1.56,0.67,0.22,0.70,1.22,0.55,0.82,1.08,0.56,0.25,0.38,0.73,0.93,0.56,0.89,0.78,0.98,1.33,0.92,0.65,0.77,0.77,1.04,0.93,0.53,0.56,0.53,0.74,0.33,0.58,0.76,1.36,0.70,0.55,0.50,0.38,0.48,0.50,0.45,0.37,0.50,0.24,0.40,0.40,0.47,1.13,0.52,0.67,0.35,0.60,0.50,0.40,0.20,0.35,0.25,,0.30,0.65,0.50,0.30,0.60,0.50,0.65,0.63,0.40,0.70,0.75,0.70,0.80,0.70,0.80,0.40,0.70,0.80,0.50,0.80,,0.67,0.93,0.37,0.48,0.52,0.60,0.74,0.63,0.60,1.60,0.17,0.40,0.40,0.38,0.37,0.10,0.25,0.84,1.00,0.75,0.85,0.47,1.15,0.90,0.75,0.35,0.40,0.43,0.40,0.93,0.77,0.52,0.57,0.57,0.35,0.15,0.45,0.63,0.63,0.60,0.68,0.47,0.47,0.75,0.90,0.47,0.90,0.60,0.95,0.55,0.45,1.23,0.50,0.40,0.55,0.47,0.67,1.53,0.57,0.80,0.57,0.63,0.55,0.50,2.42,0.90,0.53,1.02,1.00,0.92,0.68,0.83,1.08,0.80,0.87,1.07,0.74,1.25,0.77,0.50,0.80,0.83,0.90,0.38,0.93,0.40,0.47,0.95,1.07,0.60,0.75,0.57,0.80,0.75,0.65,0.50,0.60,0.45,0.77,0.45,0.50,0.40,0.55,0.90,0.53,0.53,0.45,0.43,0.37,0.68,0.20,,0.30,0.50,1.18,0.37,0.60,0.43,0.60,0.50,,0.55,0.70,0.60,0.60,0.40,0.50,0.60,0.53,0.30,0.35,0.55,0.70,1.00,0.65,0.45,0.40,0.50,1.35,,0.45,0.45,0.47,0.40,0.55,0.35,0.70,0.50,0.35,0.30,0.10,0.25,0.50,0.35,0.40,0.25,0.30,0.40,0.30,0.70,0.60,0.50,0.50,0.40,0.27,0.40,0.37,0.40,1.10,1.20,0.20,1.30,0.30,1.57,0.55,1.00,0.40,0.30,0.80,0.35,,0.45,0.60,0.50,0.97,0.40
20210920,1,CO_24h,0.63,1.00,0.33,0.90,0.60,0.53,0.39,0.36,0.68,0.63,0.43,0.62,0.42,0.51,0.64,1.51,0.73,0.51,0.61,0.59,0.66,0.54,0.50,0.57,0.65,0.48,0.56,0.66,0.77,0.75,0.40,0.57,0.70,0.67,0.60,0.48,0.69,0.60,0.65,0.50,0.57,0.63,0.63,0.47,0.70,0.67,0.40,0.68,0.64,0.39,0.75,0.84,0.64,0.64,0.49,0.50,0.47,0.43,0.37,0.50,0.50,0.50,0.66,0.46,0.63,0.60,0.49,0.46,0.30,0.53,0.48,1.00,0.58,0.52,0.82,0.68,0.69,0.58,1.30,0.65,0.97,0.88,0.58,0.49,0.57,0.62,0.65,0.80,0.37,0.26,0.48,0.68,0.53,0.42,0.40,0.47,0.58,0.57,0.40,0.56,0.50,0.50,0.65,0.50,0.55,0.70,0.66,0.60,0.60,0.55,0.60,0.85,0.84,0.67,0.56,1.60,0.92,0.98,0.96,0.77,0.42,0.33,0.37,0.65,0.80,0.57,0.71,0.92,0.77,0.68,0.74,0.73,0.73,0.83,0.92,0.80,0.57,0.58,0.63,0.74,0.30,0.72,0.70,0.84,0.68,0.45,0.55,0.54,0.43,0.50,0.57,0.50,0.50,0.36,0.77,0.45,0.40,0.72,0.46,0.43,0.50,0.70,0.60,0.45,0.40,0.60,0.50,,0.55,0.90,0.50,0.40,0.70,0.40,0.65,0.73,0.50,0.70,0.85,0.80,0.75,0.60,0.70,0.45,0.70,0.70,0.60,0.70,,0.65,0.80,0.43,1.14,0.60,0.47,1.00,0.67,0.50,0.77,0.13,0.40,0.40,0.50,0.37,0.15,0.30,0.84,1.32,0.70,0.72,0.53,0.95,1.05,0.60,0.45,0.45,0.43,0.30,0.60,0.90,0.60,0.63,0.57,0.40,0.20,0.40,0.67,0.67,0.68,1.07,0.60,0.43,0.63,0.80,0.47,0.83,0.67,0.82,0.55,0.45,0.77,0.47,0.47,0.60,0.57,1.00,1.23,0.63,0.86,0.60,0.78,0.60,0.58,1.24,0.90,0.53,0.90,0.92,0.80,0.73,0.77,1.20,0.93,0.88,1.10,0.76,1.30,0.80,0.43,0.93,0.80,0.72,0.40,0.78,0.45,0.52,0.82,0.60,0.55,0.80,0.60,0.73,0.55,0.58,0.70,0.67,0.50,0.67,0.40,0.63,0.33,0.50,0.78,0.50,0.43,0.65,0.43,0.57,0.57,0.30,,0.25,0.58,0.50,0.30,0.55,0.43,0.50,0.45,,0.55,0.75,0.55,0.55,0.40,0.60,0.55,0.33,0.40,0.40,0.55,0.70,0.85,0.60,0.45,0.35,0.50,0.90,,0.35,0.35,0.50,0.43,0.65,0.65,0.40,0.45,0.30,0.20,0.15,0.30,0.55,0.40,0.30,0.25,0.25,0.50,0.30,0.60,0.50,0.40,0.50,0.30,0.27,0.45,0.43,0.50,0.50,1.00,0.25,0.55,0.20,0.80,0.50,0.90,0.40,0.30,0.70,0.30,,0.45,0.80,0.50,0.62,0.47
20210920,2,AQI,17,22,26,26,30,28,27,24,20,23,25,23,29,17,33,66,27,39,20,30,62,34,44,36,14,57,43,51,49,53,60,36,60,63,28,24,48,59,44,23,28,47,51,33,29,35,26,52,12,27,18,21,22,18,13,11,11,12,18,28,19,12,43,22,33,32,26,18,23,17,54,36,43,84,19,19,34,27,46,24,49,34,39,28,23,15,22,16,9,26,27,14,13,40,28,24,23,26,16,12,27,27,52,19,13,31,23,22,15,21,20,21,43,19,35,37,57,19,41,57,41,28,17,62,60,48,26,24,21,31,24,13,17,17,20,22,12,29,13,32,15,21,38,34,22,28,34,23,22,16,19,16,28,17,21,30,42,54,56,85,25,12,25,34,29,23,24,,23,28,28,27,26,45,41,38,38,34,56,46,51,49,49,38,58,65,38,60,,20,16,29,25,23,23,18,20,41,87,28,40,49,31,28,24,33,66,47,51,75,49,51,30,40,14,25,23,36,32,50,15,43,29,19,13,26,20,18,15,48,39,43,65,16,13,16,18,48,47,24,46,37,29,38,52,38,54,31,24,37,52,40,47,23,29,24,23,21,20,18,20,20,16,19,21,17,21,21,17,12,23,38,21,22,34,33,14,22,13,47,24,51,55,35,18,31,17,44,41,22,24,32,31,25,28,23,20,16,18,29,,44,17,37,16,16,19,13,17,,13,11,36,19,20,19,17,29,17,17,16,23,40,48,14,35,24,52,,21,15,18,18,15,18,29,29,51,33,20,34,26,43,46,40,26,39,22,33,33,39,29,31,40,40,25,48,127,81,81,92,72,178,136,77,63,36,72,81,,57,62,18,23,16
20210920,2,PM2.5,10,9,8,10,5,3,17,16,13,14,6,4,4,12,15,45,6,15,9,21,38,22,25,21,10,32,24,31,27,31,43,25,43,44,14,12,27,33,28,14,10,25,27,23,11,18,16,23,6,6,12,5,9,7,4,8,5,3,7,11,10,4,22,7,16,17,9,10,6,8,16,17,16,33,9,10,14,13,32,7,34,24,16,11,4,3,4,11,6,6,9,6,7,15,9,5,10,18,6,5,19,19,14,8,5,13,13,7,5,6,8,7,30,10,16,14,33,10,29,29,13,17,12,43,42,17,18,5,14,17,17,8,9,6,7,1,5,17,5,19,5,10,21,24,15,19,12,12,10,11,11,9,9,7,4,4,15,20,25,35,8,2,8,9,3,4,6,,4,9,5,4,6,27,19,23,24,17,40,27,32,28,27,19,36,35,26,43,,10,6,18,,11,16,11,5,12,38,19,20,14,12,17,8,22,41,18,24,55,23,35,14,13,10,15,9,18,12,24,10,17,20,7,6,18,6,10,8,27,23,27,47,7,4,4,4,29,32,14,28,21,20,12,25,21,34,22,12,18,29,25,31,16,20,10,14,15,13,5,14,7,8,13,11,8,2,9,2,5,2,19,15,6,18,19,7,13,8,17,17,26,15,17,6,17,8,21,14,11,13,17,15,14,15,10,10,9,6,13,,4,6,12,9,6,11,9,10,,4,7,25,13,14,11,12,20,8,10,11,16,11,17,5,12,10,27,,6,7,9,11,9,6,12,9,15,17,8,12,9,11,4,25,10,27,9,23,23,27,11,15,16,20,7,19,67,39,22,40,25,106,64,44,24,25,34,36,,17,23,5,13,9
20210920,2,PM2.5_24h,18,16,12,33,19,6,16,23,21,23,12,11,8,8,20,39,19,16,12,23,31,24,27,13,25,32,25,31,30,32,28,17,31,38,19,21,34,32,26,23,14,30,36,23,31,16,17,33,10,9,6,25,27,8,5,7,7,5,6,9,9,11,21,7,11,8,6,8,7,6,17,17,15,21,27,30,15,14,39,15,39,28,17,17,6,9,9,15,26,12,16,20,9,13,11,7,13,15,10,8,15,12,10,9,13,17,19,13,7,9,18,4,19,8,21,38,24,15,36,17,8,17,11,35,37,33,7,4,4,11,10,5,35,31,25,27,20,19,10,20,8,13,6,19,11,9,11,10,9,9,6,5,6,8,4,7,13,19,17,27,19,9,8,11,13,20,14,,16,16,8,9,12,27,23,25,27,24,31,28,32,31,35,19,33,27,31,40,,25,14,22,9,12,10,11,9,8,26,22,17,19,23,15,10,21,36,30,24,36,19,22,15,13,11,15,11,10,15,27,10,16,14,9,7,13,32,32,24,38,34,26,32,28,26,26,21,35,34,17,27,22,21,15,32,32,38,24,16,24,37,27,36,9,6,5,7,9,7,17,19,34,9,23,38,27,21,32,21,24,7,28,21,12,16,18,12,24,10,20,16,20,19,21,16,19,15,23,17,8,7,10,7,10,10,10,6,6,7,15,,7,7,10,8,7,5,8,9,,4,11,16,8,10,13,5,14,10,6,10,12,8,11,7,10,9,23,,6,7,7,8,5,4,7,10,12,15,7,16,7,12,6,24,8,23,12,15,20,18,7,13,16,14,9,19,27,25,17,26,31,71,50,35,16,12,32,26,,15,41,10,17,6
20210920,2,PM10,4,12,9,16,12,5,18,13,11,22,8,5,6,17,33,82,13,39,20,30,73,34,44,36,10,63,43,51,49,55,60,34,47,75,26,24,48,68,44,23,22,47,51,31,29,35,26,53,7,24,18,5,1,18,13,9,11,12,18,28,19,12,43,22,33,32,26,18,13,17,57,36,43,117,5,5,34,16,42,17,27,32,39,10,3,5,6,8,8,13,15,14,4,30,12,7,23,21,16,12,23,9,53,19,13,31,23,22,15,7,12,12,24,12,35,37,64,19,25,63,41,28,17,73,69,48,25,9,21,31,23,13,17,15,5,5,12,29,13,32,15,21,38,25,22,28,34,23,22,16,19,16,28,17,10,30,42,57,62,120,14,2,15,27,19,15,14,,20,17,16,14,19,45,41,38,38,34,51,46,52,49,49,38,66,80,38,61,,10,13,29,12,23,20,14,20,41,124,28,40,49,18,28,14,31,81,47,52,62,49,52,30,40,11,25,23,36,32,50,15,43,21,8,13,22,20,18,7,48,39,43,79,7,12,6,7,48,47,24,46,37,25,38,54,38,57,29,24,37,53,40,47,23,22,4,23,17,20,13,18,20,16,10,21,10,2,10,3,7,23,38,21,12,27,33,14,22,13,47,23,52,59,35,7,31,9,44,41,22,24,32,31,23,28,23,20,16,18,29,,44,8,37,16,16,19,13,17,,13,11,25,18,9,19,12,17,5,17,14,23,40,48,14,35,24,54,,18,13,18,13,15,14,29,29,52,33,20,34,26,43,46,40,26,28,17,27,31,36,29,31,40,40,13,48,204,112,112,134,94,306,222,103,76,25,94,111,,63,74,18,23,16
20210920,2,PM10_24h,22,28,15,47,44,7,21,33,40,32,14,10,12,13,45,77,32,45,36,40,56,40,39,32,49,65,49,54,54,55,48,32,57,68,32,40,57,63,43,39,27,50,69,30,71,33,28,70,12,21,9,43,48,21,14,12,19,12,17,21,21,19,36,18,19,17,21,17,18,13,38,31,41,80,41,42,32,24,62,29,37,42,31,40,8,9,11,16,48,25,25,31,7,26,22,12,25,25,17,23,25,22,27,18,21,32,31,25,12,12,33,9,15,11,56,67,53,34,55,37,22,36,14,58,64,59,9,9,7,14,14,10,50,51,40,50,32,32,23,36,17,25,13,19,13,16,31,18,15,11,14,12,15,17,10,47,45,59,63,100,23,15,10,29,24,31,22,,26,23,18,18,20,49,48,43,51,41,52,49,49,51,60,31,61,63,50,61,,39,29,37,16,21,13,12,16,21,143,38,39,57,41,24,34,43,78,62,53,70,49,41,33,42,27,25,26,31,31,52,20,38,27,14,19,23,62,61,46,68,59,40,65,45,51,57,40,56,52,28,43,35,34,32,55,49,67,41,33,44,67,49,59,12,13,4,11,13,11,29,25,65,16,27,78,36,42,78,43,36,23,43,36,23,28,33,27,37,17,44,32,40,39,35,34,31,35,37,31,19,14,18,16,16,19,19,12,14,13,23,,29,12,14,10,18,9,18,13,,11,11,15,15,13,13,12,16,14,15,9,17,15,21,14,23,21,45,,16,18,19,14,12,10,21,21,38,34,20,59,17,29,34,37,20,34,13,22,32,27,21,27,51,43,20,69,92,89,83,81,119,205,163,103,70,38,80,99,,34,98,18,27,12
20210920,2,SO2,3,6,3,4,5,5,4,4,8,2,4,7,3,5,7,11,6,5,7,6,5,5,6,5,6,11,5,7,6,7,6,4,4,7,7,5,6,15,6,5,6,4,4,6,5,5,4,11,5,5,4,6,5,6,6,4,6,3,5,5,6,9,8,3,9,5,5,9,7,5,10,11,6,11,4,5,16,5,7,6,9,19,10,4,4,5,7,4,9,6,3,5,5,4,4,7,8,7,8,12,7,6,6,6,7,6,5,10,8,4,9,8,6,6,7,6,14,10,11,25,5,5,5,9,6,8,3,10,5,8,9,8,6,8,8,7,2,8,6,5,4,8,7,25,9,4,5,3,5,7,7,3,4,4,5,3,7,13,7,6,7,5,3,5,4,8,8,,6,5,4,4,6,8,9,7,6,8,5,7,8,7,10,7,6,3,6,6,,6,7,5,4,8,6,4,11,9,73,3,3,8,16,2,12,6,13,12,7,8,9,8,13,11,4,7,7,7,8,4,4,9,4,5,4,6,5,5,5,10,8,8,9,8,2,5,3,9,6,6,3,6,5,5,10,17,120,5,10,12,9,6,24,14,6,5,9,6,8,7,7,8,6,6,10,2,4,7,7,5,8,14,7,2,18,9,3,2,4,8,8,10,8,18,5,16,7,45,10,4,8,7,9,8,4,4,6,5,4,11,,8,8,6,7,2,6,8,5,,4,6,18,6,7,4,6,7,7,8,5,8,4,9,9,7,4,8,,8,11,9,5,8,6,51,11,5,11,4,4,9,5,11,4,7,12,5,11,13,9,9,14,9,9,4,6,9,28,12,8,4,7,5,10,12,3,15,17,,14,14,21,6,7
20210920,2,SO2_24h,2,6,3,4,12,4,4,5,12,2,4,8,3,4,8,20,7,6,8,5,5,5,6,6,7,12,5,8,6,7,4,4,6,7,7,5,7,8,7,5,6,5,5,6,7,4,5,11,5,5,4,8,8,6,6,5,6,3,5,6,6,8,7,3,7,5,6,8,8,5,9,15,9,10,12,9,9,7,8,7,11,10,5,5,4,6,6,5,9,6,3,5,5,4,5,7,9,7,4,9,6,7,6,6,7,6,8,11,8,4,11,9,4,9,18,10,15,12,20,15,5,5,5,9,7,9,3,7,5,3,5,5,7,8,10,8,2,10,6,9,4,8,7,13,8,4,6,5,5,5,7,3,4,4,5,6,8,16,7,5,8,5,3,6,5,8,7,,8,5,8,5,6,8,10,8,8,8,6,8,9,7,9,7,7,3,6,6,,7,8,6,5,9,6,5,10,9,29,6,4,7,18,2,13,6,15,15,9,12,9,13,14,14,5,7,7,7,8,8,5,9,6,5,7,6,10,7,7,10,7,8,9,10,4,5,3,6,6,5,6,5,7,5,13,22,44,8,8,11,12,7,17,7,5,5,7,5,8,7,7,15,6,7,12,3,7,13,8,7,7,13,13,4,12,8,5,10,4,11,9,9,5,16,13,9,7,19,10,7,7,7,9,9,4,6,7,5,5,11,,8,8,4,6,2,6,5,4,,4,7,9,7,8,5,9,7,6,8,5,9,4,9,9,7,4,9,,7,9,7,5,8,6,18,9,5,8,4,5,8,6,10,6,7,11,6,9,14,9,8,14,9,9,5,6,11,18,12,8,4,6,6,10,12,4,12,17,,11,8,14,5,7
20210920,2,NO2,13,12,6,15,7,6,10,10,18,14,8,13,6,28,29,26,7,28,23,12,16,11,14,9,11,18,12,20,15,18,15,5,11,39,11,20,11,25,14,6,9,23,20,9,12,18,16,18,23,4,28,12,6,24,12,8,16,12,19,22,10,18,30,18,35,51,30,20,16,18,59,41,22,75,8,11,25,16,23,5,17,20,25,14,7,11,5,18,16,9,4,10,26,5,6,5,15,7,13,8,14,7,23,18,20,14,8,13,20,12,13,10,31,38,7,10,34,18,15,35,35,12,19,23,13,19,13,14,18,22,32,25,13,12,8,7,9,11,6,13,7,22,32,30,21,31,23,12,16,25,18,12,25,13,14,7,14,38,25,49,9,24,8,3,11,6,9,,9,4,7,5,4,17,16,15,13,12,10,16,16,11,16,18,25,42,7,25,,9,6,12,12,34,29,7,17,35,66,10,25,15,13,15,4,5,30,19,26,15,40,23,16,19,11,8,12,22,8,11,6,20,21,3,15,11,5,7,6,25,15,10,15,6,4,7,4,17,17,10,26,15,7,10,6,14,34,25,12,10,19,8,22,23,17,7,25,16,23,10,9,8,11,19,11,4,6,4,6,9,4,13,7,5,11,8,13,9,4,36,7,24,28,17,3,16,8,16,15,25,13,27,39,49,13,29,31,14,30,7,,39,5,29,6,12,14,19,10,,5,6,16,7,7,11,16,12,10,9,13,16,13,16,7,19,19,23,,17,7,13,36,10,12,26,26,47,24,30,21,11,36,30,19,30,51,11,5,19,19,19,6,30,22,13,21,89,44,20,50,12,53,71,37,7,1,71,77,,41,19,9,16,19
20210920,2,NO2_24h,17,22,11,33,30,10,15,18,30,19,17,17,10,21,32,39,23,30,23,18,17,16,13,11,18,26,18,24,23,18,12,9,15,34,16,21,23,24,20,12,14,23,25,9,23,11,13,24,26,11,16,18,12,23,11,10,17,9,14,19,11,17,19,12,22,21,15,14,15,15,40,32,26,36,16,15,25,17,29,17,35,33,11,16,9,18,9,28,16,21,18,18,12,7,17,7,14,8,7,8,12,6,12,11,18,10,11,13,13,16,23,12,23,23,36,27,27,22,31,27,14,16,12,20,20,21,12,15,12,17,21,21,21,15,10,12,13,14,7,12,7,23,20,20,15,15,26,12,12,14,17,11,21,16,19,9,12,27,25,33,21,38,14,10,27,18,12,,19,13,12,15,11,23,23,24,24,23,15,25,15,14,16,14,27,33,20,21,,18,8,12,17,27,20,12,17,23,30,15,22,17,24,11,17,7,30,28,27,23,36,23,19,20,15,12,14,24,12,18,9,21,22,12,16,12,13,14,14,27,20,9,20,12,12,14,9,16,21,7,19,10,14,9,15,19,25,15,10,7,18,13,17,16,18,9,18,14,12,17,10,19,13,14,19,13,13,17,9,12,6,13,13,9,9,8,10,14,7,24,13,16,15,12,11,12,16,11,12,18,11,19,18,20,11,24,17,16,15,7,,27,7,14,5,12,10,11,13,,5,8,9,6,8,10,9,6,7,9,10,15,10,10,5,19,13,20,,12,7,12,23,11,11,21,15,25,24,31,19,10,27,22,18,13,33,8,4,18,14,11,9,20,20,20,26,43,38,26,26,13,39,32,49,13,15,45,36,,26,25,10,17,13
20210920,2,O3,55,71,82,83,97,88,87,78,63,72,81,74,92,41,37,34,86,16,24,89,118,79,85,116,39,94,78,83,94,70,83,107,81,32,90,45,93,49,82,70,89,57,57,70,34,36,56,47,36,87,30,67,69,11,17,21,10,6,7,23,39,9,21,8,17,16,10,40,72,49,20,24,48,48,62,61,64,85,37,77,53,61,36,88,72,48,71,47,29,84,85,39,19,128,91,78,39,73,17,17,50,39,29,6,6,41,60,9,30,67,65,68,30,47,59,45,4,33,51,6,4,20,31,86,130,41,38,78,41,41,24,38,24,54,65,71,27,56,30,53,21,41,14,12,19,33,67,75,13,19,41,32,4,55,67,96,84,27,70,34,79,39,80,109,94,72,77,,72,88,91,87,84,85,87,90,84,93,91,101,66,84,81,85,61,23,74,34,,65,52,60,79,32,33,56,51,5,22,50,13,58,99,11,76,105,17,22,20,53,8,5,5,10,35,32,9,4,21,12,6,5,11,62,20,12,44,47,47,77,80,24,134,52,43,51,56,80,78,47,14,47,72,45,78,45,34,23,44,55,44,54,47,45,38,76,27,32,25,57,51,59,18,34,56,54,67,67,55,37,24,54,43,69,109,63,33,48,25,4,41,15,14,16,58,33,55,42,10,20,50,19,5,13,51,18,19,39,10,17,,5,53,25,43,15,13,24,23,,31,9,34,41,23,8,33,29,55,8,27,7,10,28,46,65,51,33,,68,47,38,48,11,56,46,17,31,52,34,75,64,11,22,29,12,3,71,70,60,49,46,97,28,52,79,77,11,72,54,13,75,11,4,47,30,85,44,25,,41,54,9,68,32
20210920,2,O3_24h,74,80,99,87,104,96,93,94,79,84,94,96,92,90,91,122,101,121,50,162,216,186,220,128,158,271,219,212,228,238,173,135,188,221,150,150,179,270,203,144,143,168,168,152,158,125,156,168,92,112,84,144,119,135,65,35,123,51,91,120,84,134,94,70,101,126,71,58,113,108,104,101,105,161,109,133,107,112,131,83,148,106,160,138,99,97,113,65,158,103,85,78,107,129,95,110,112,114,93,72,109,100,76,58,180,123,130,87,48,73,94,96,77,98,86,95,116,78,97,128,63,97,73,193,195,170,83,89,83,80,76,80,59,95,135,77,70,84,97,97,59,171,113,77,95,121,157,103,73,70,100,106,98,124,107,111,118,112,118,123,80,75,80,127,98,84,114,,112,101,99,89,116,198,192,230,209,209,216,241,226,224,224,179,128,138,144,193,,83,67,153,96,91,97,75,86,95,119,126,78,128,106,71,91,125,154,95,146,98,136,110,84,100,74,71,106,64,66,51,65,54,42,72,59,65,179,193,141,163,150,130,197,160,169,144,135,158,180,138,153,117,98,128,122,141,121,118,100,125,171,117,148,84,88,89,76,81,74,71,72,182,64,91,201,95,135,210,122,105,71,125,82,120,124,91,69,88,62,113,79,93,116,91,105,99,66,100,91,97,109,118,124,115,100,84,124,98,114,109,,103,103,70,74,53,85,67,63,,53,55,94,90,39,35,46,43,63,81,76,40,58,104,104,116,126,124,,126,111,125,92,86,102,92,121,108,119,107,122,101,123,107,108,115,110,120,123,116,119,116,119,107,102,108,132,102,158,113,110,105,106,120,140,77,103,145,158,,112,154,48,92,91
20210920,2,O3_8h,50,70,82,81,96,88,88,74,68,67,82,74,91,44,36,38,86,19,24,90,124,82,86,119,35,100,82,89,101,71,89,108,110,33,91,47,94,53,81,73,88,56,51,73,33,38,54,50,34,88,32,69,66,12,20,21,10,8,7,25,43,10,23,9,18,19,11,39,74,49,16,21,49,47,60,55,67,86,36,78,58,53,35,87,74,48,73,48,31,82,81,39,32,127,90,79,42,74,17,18,51,42,31,8,5,42,62,10,32,67,69,66,25,54,58,42,6,36,53,7,9,21,32,97,138,48,37,79,43,34,23,32,21,54,64,72,30,53,31,55,21,45,12,13,24,44,68,81,12,22,42,30,4,55,70,100,81,26,71,34,76,41,80,108,93,74,77,,72,88,89,86,86,84,90,94,85,96,102,105,74,90,89,92,63,34,76,33,,69,58,66,77,32,36,55,53,12,20,52,11,56,101,9,75,104,16,22,20,61,6,5,5,10,37,32,9,4,19,12,7,5,11,62,23,12,43,46,46,85,78,27,138,51,42,51,57,88,78,47,17,53,74,47,79,59,41,25,45,56,46,57,47,46,40,75,30,38,25,58,52,56,18,37,53,55,65,65,52,41,25,54,40,68,109,63,34,46,26,7,43,18,13,17,59,36,54,45,11,21,40,22,6,11,38,20,22,40,11,20,,4,54,25,43,15,13,22,23,,30,11,38,39,21,8,31,30,58,8,30,7,11,29,48,68,54,34,,69,49,39,59,10,56,38,18,30,43,38,78,71,10,18,31,10,2,68,69,62,57,45,93,35,45,73,77,12,62,57,10,69,9,12,37,30,84,58,40,,42,52,7,65,35
20210920,2,O3_8h_24h,50,71,83,81,97,90,89,74,72,67,82,74,91,47,38,43,87,22,25,91,131,85,88,121,35,105,85,93,107,71,94,111,138,36,93,50,95,56,81,76,88,56,51,77,33,39,56,53,36,88,36,72,66,13,22,23,11,11,8,27,47,10,26,10,19,23,13,40,77,50,17,21,51,48,64,55,70,89,38,81,63,53,36,87,77,49,75,51,35,82,81,40,45,128,90,81,44,76,18,19,52,45,33,10,5,44,65,11,35,68,71,67,25,62,58,43,9,39,56,8,14,22,32,108,146,55,38,80,46,34,24,32,21,54,65,72,33,53,33,57,21,48,14,13,28,55,70,87,12,26,45,31,4,56,73,103,81,33,72,36,76,43,80,108,93,76,78,,73,88,89,86,88,84,93,97,85,99,113,108,82,96,97,99,65,45,77,34,,72,63,72,77,35,40,55,54,20,20,54,11,56,105,9,75,104,16,25,22,69,6,6,6,11,40,33,9,4,20,12,8,5,11,62,27,12,44,46,46,93,78,31,142,51,42,51,57,95,80,48,19,58,77,49,79,74,48,28,47,58,48,60,49,53,43,75,34,43,27,59,54,56,18,41,53,57,65,65,52,45,27,55,41,68,110,64,35,47,27,10,46,21,14,18,60,40,54,48,11,23,40,26,5,11,38,23,26,42,12,24,,4,55,25,44,16,14,22,23,,31,12,42,39,23,14,31,32,62,8,32,7,12,31,49,72,59,36,,69,51,40,70,11,60,38,19,31,43,41,81,78,10,18,33,11,2,68,69,64,65,45,93,41,45,73,78,37,62,61,10,69,9,19,37,30,84,72,55,,44,52,7,65,38
20210920,2,CO,0.58,1.14,0.41,1.00,0.26,0.67,0.63,0.28,0.58,0.75,0.50,0.82,0.38,0.41,0.54,1.35,0.57,0.40,0.56,0.59,0.90,0.56,0.47,0.56,0.63,0.42,0.51,0.70,0.70,0.67,0.62,0.58,0.75,0.74,0.57,0.44,0.59,0.60,0.63,0.40,0.53,0.57,0.60,0.37,0.68,0.63,0.30,0.50,0.74,0.34,0.88,0.86,0.73,0.65,0.49,0.50,0.46,0.45,0.38,0.52,0.50,0.48,0.66,0.52,0.74,0.81,0.57,0.54,0.30,0.41,0.72,0.90,0.52,0.80,0.70,0.70,0.80,0.50,1.60,0.35,0.97,0.95,0.55,0.47,0.60,0.72,0.57,0.47,0.48,0.11,0.43,0.65,0.87,0.42,0.32,0.45,0.52,0.54,0.58,0.50,0.53,0.53,0.75,0.53,0.45,0.70,0.66,0.50,0.63,0.55,0.49,0.67,1.12,0.67,0.22,0.58,1.14,0.53,0.90,0.93,0.66,0.25,0.40,0.72,0.85,0.59,0.81,0.88,0.97,1.02,0.90,0.57,0.72,0.77,1.00,0.93,0.53,0.56,0.53,0.73,0.30,0.57,0.80,1.60,0.70,0.53,0.50,0.42,0.47,0.53,0.43,0.33,0.50,0.26,0.40,0.40,0.43,0.72,0.52,0.57,0.35,0.60,0.50,0.40,0.20,0.35,0.25,,0.35,0.65,0.50,0.30,0.60,0.50,0.65,0.63,0.35,0.70,0.80,0.73,0.80,0.75,0.85,0.40,0.70,0.80,0.50,0.70,,0.63,0.97,0.40,0.48,0.53,0.55,0.76,0.63,0.43,1.57,0.17,0.25,0.40,0.28,0.30,0.10,0.25,0.92,1.00,0.70,0.80,0.47,1.10,1.00,0.75,0.40,0.40,0.40,0.35,0.80,0.67,0.53,0.55,0.87,0.45,0.15,0.40,0.65,0.65,0.53,0.67,0.45,0.47,0.77,0.86,0.38,0.93,0.67,0.90,0.53,0.45,1.40,0.47,0.40,0.55,0.47,1.05,1.20,0.57,0.84,0.60,0.68,0.50,0.53,2.17,0.90,0.47,1.05,1.00,0.90,0.75,0.83,1.12,0.77,0.88,1.23,0.76,1.20,0.77,0.50,0.77,0.77,0.78,0.38,0.97,0.38,0.47,0.97,1.13,0.60,0.70,0.60,0.78,0.68,0.63,0.50,0.63,0.45,0.70,0.45,0.50,0.33,0.55,0.95,0.50,0.45,0.43,0.43,0.37,0.63,0.25,,0.20,0.50,0.95,0.33,0.60,0.43,0.55,0.50,,0.55,0.70,0.60,0.60,0.35,0.50,0.65,0.47,0.35,0.35,0.55,0.60,0.95,0.60,0.40,0.40,0.50,1.00,,0.35,0.40,0.47,0.43,0.60,0.35,0.60,0.45,0.30,0.20,0.10,0.25,0.50,0.35,0.20,0.30,0.25,0.40,0.30,0.70,0.60,0.50,0.50,0.30,0.27,0.40,0.40,0.40,0.90,1.35,0.15,0.70,0.20,1.13,0.55,0.70,0.30,0.30,0.85,0.40,,0.50,0.70,0.45,1.00,0.40
20210920,2,CO_24h,0.61,1.00,0.33,0.91,0.60,0.57,0.40,0.36,0.68,0.65,0.43,0.62,0.42,0.51,0.64,1.53,0.73,0.50,0.61,0.59,0.67,0.54,0.50,0.57,0.65,0.48,0.56,0.66,0.77,0.75,0.40,0.57,0.70,0.68,0.61,0.48,0.69,0.60,0.65,0.50,0.57,0.63,0.63,0.47,0.70,0.67,0.40,0.66,0.66,0.38,0.75,0.84,0.64,0.64,0.49,0.50,0.47,0.43,0.37,0.50,0.50,0.50,0.66,0.46,0.64,0.62,0.49,0.46,0.30,0.53,0.52,1.03,0.58,0.52,0.82,0.68,0.67,0.58,1.30,0.63,0.97,0.88,0.58,0.47,0.57,0.64,0.63,0.80,0.37,0.26,0.48,0.68,0.58,0.42,0.38,0.47,0.58,0.57,0.43,0.56,0.50,0.50,0.65,0.50,0.55,0.70,0.66,0.60,0.60,0.55,0.60,0.85,0.88,0.67,0.56,1.58,0.92,0.97,0.96,0.78,0.44,0.33,0.37,0.65,0.80,0.57,0.72,0.94,0.78,0.70,0.76,0.73,0.73,0.83,0.92,0.80,0.57,0.56,0.63,0.74,0.30,0.72,0.70,0.88,0.68,0.47,0.55,0.54,0.43,0.50,0.57,0.50,0.50,0.34,0.70,0.45,0.40,0.72,0.46,0.43,0.50,0.70,0.60,0.45,0.40,0.60,0.45,,0.55,0.85,0.50,0.40,0.60,0.45,0.65,0.73,0.50,0.70,0.85,0.80,0.75,0.60,0.75,0.45,0.70,0.70,0.60,0.70,,0.67,0.82,0.43,1.12,0.60,0.47,0.92,0.67,0.50,0.85,0.13,0.40,0.40,0.50,0.37,0.15,0.30,0.84,1.35,0.73,0.72,0.53,0.95,1.05,0.70,0.45,0.45,0.43,0.30,0.60,0.87,0.60,0.63,0.57,0.40,0.20,0.40,0.67,0.65,0.68,1.05,0.60,0.43,0.63,0.84,0.47,0.83,0.67,0.82,0.55,0.45,0.80,0.47,0.47,0.60,0.55,0.95,1.27,0.63,0.86,0.60,0.78,0.60,0.55,1.30,0.90,0.53,0.93,0.92,0.80,0.73,0.77,1.22,0.93,0.88,1.13,0.76,1.25,0.83,0.43,0.87,0.80,0.70,0.40,0.78,0.43,0.52,0.82,0.63,0.55,0.80,0.60,0.73,0.55,0.58,0.63,0.67,0.45,0.67,0.45,0.63,0.33,0.50,0.72,0.47,0.47,0.63,0.43,0.53,0.57,0.30,,0.25,0.58,0.50,0.30,0.55,0.43,0.50,0.45,,0.55,0.75,0.55,0.55,0.40,0.60,0.60,0.33,0.35,0.40,0.55,0.65,0.90,0.60,0.45,0.35,0.50,0.85,,0.35,0.35,0.50,0.43,0.65,0.60,0.40,0.45,0.30,0.20,0.15,0.30,0.55,0.40,0.30,0.25,0.25,0.50,0.30,0.60,0.50,0.40,0.50,0.30,0.27,0.45,0.43,0.50,0.50,1.05,0.25,0.60,0.20,0.80,0.50,0.90,0.40,0.30,0.75,0.30,,0.45,0.80,0.50,0.65,0.47
20210920,3,AQI,21,24,25,25,30,27,26,26,20,21,22,22,28,17,28,63,29,41,18,30,62,36,41,37,13,54,41,51,47,51,59,36,17,60,27,27,46,63,41,22,28,40,49,29,22,34,26,53,12,28,23,20,23,18,13,10,11,13,16,28,18,12,44,23,32,36,30,17,20,18,57,30,41,80,21,21,32,27,31,23,53,46,45,28,22,17,21,17,14,26,28,18,11,39,29,26,20,26,15,14,30,44,54,19,13,27,27,22,17,22,18,20,30,21,29,33,56,17,43,54,47,28,17,58,56,39,26,21,21,32,22,15,17,14,24,21,14,29,13,30,15,23,36,23,23,26,31,22,20,19,26,17,23,18,21,30,38,51,55,91,28,12,26,34,29,23,25,,21,27,27,28,28,48,37,34,41,34,63,42,52,48,51,34,57,64,36,49,,18,21,33,22,20,20,21,15,40,78,26,33,43,25,26,23,36,62,44,47,70,50,54,32,43,15,21,20,36,27,54,18,40,40,19,13,24,15,15,17,46,45,43,69,16,15,16,18,45,47,26,44,34,29,28,47,22,56,31,26,34,52,35,51,30,33,25,25,21,23,18,20,21,18,19,18,13,21,19,18,12,23,37,20,22,33,35,13,18,12,47,26,35,50,35,18,31,16,45,38,17,20,30,30,23,24,25,17,15,16,27,,42,13,37,19,17,17,19,17,,12,9,33,19,19,17,26,26,17,14,16,25,16,39,17,43,26,39,,18,16,22,24,17,15,29,28,53,33,17,33,30,36,33,41,27,40,20,30,31,34,25,29,41,40,25,51,120,71,71,73,64,140,144,73,55,26,71,89,,34,57,15,23,22
20210920,3,PM2.5,7,6,7,9,5,3,14,15,14,10,9,6,5,10,17,44,6,15,8,20,40,24,24,22,6,30,20,31,28,29,42,25,10,42,15,14,27,36,25,12,11,22,27,20,7,18,15,23,5,6,11,4,8,7,4,6,4,3,5,11,10,4,23,7,14,20,10,11,6,8,18,16,13,33,5,9,16,10,22,7,37,32,20,9,5,2,5,12,10,4,4,9,8,15,8,6,10,18,6,3,18,31,15,8,5,12,15,8,12,5,9,7,21,8,13,10,29,9,30,26,14,19,12,41,39,12,18,5,15,16,13,9,12,6,5,1,6,20,4,19,6,10,19,16,15,18,11,13,10,12,12,9,9,7,5,7,14,22,18,41,6,2,8,8,7,9,8,,4,8,4,9,6,29,19,22,23,18,45,24,35,29,30,19,33,35,25,34,,10,8,23,6,9,14,15,5,10,32,18,21,13,10,14,7,25,36,18,25,51,23,35,14,9,3,15,8,17,15,23,12,17,26,9,6,17,8,6,12,28,24,23,50,8,4,4,5,28,32,14,31,22,20,12,23,14,40,22,10,17,30,22,31,15,23,10,15,15,16,5,12,4,10,13,10,7,2,8,2,5,5,21,14,5,16,19,8,6,7,15,14,21,16,17,5,19,7,21,15,11,12,11,15,15,14,5,8,8,6,14,,5,6,14,10,7,9,9,10,,5,4,23,9,13,12,18,18,6,8,8,11,11,13,7,8,11,14,,7,6,9,15,10,7,11,6,14,16,7,13,10,12,5,22,11,28,11,21,22,20,10,19,21,17,7,20,65,25,21,37,18,78,67,30,15,6,34,36,,17,29,7,11,9
20210920,3,PM2.5_24h,17,15,11,31,18,5,16,23,21,22,11,11,8,8,20,40,18,16,12,23,32,24,27,13,24,33,26,32,30,32,28,17,30,39,19,20,34,33,26,23,14,29,35,23,29,16,17,32,10,8,6,23,25,8,5,7,6,5,6,9,9,10,21,7,11,9,6,8,6,6,17,17,15,22,26,29,15,14,37,14,38,27,17,16,6,8,8,15,25,11,16,20,9,13,11,6,12,15,9,7,15,13,10,9,12,17,18,12,7,8,17,5,19,8,20,37,25,14,35,17,8,17,11,35,37,32,8,4,5,11,10,5,34,29,24,22,19,19,10,20,8,13,7,20,11,9,11,11,8,10,7,5,6,8,5,7,14,19,17,27,19,9,8,10,12,18,13,,15,15,8,9,11,28,23,25,27,24,33,28,33,31,36,19,33,28,31,39,,24,13,22,7,12,10,11,9,8,26,21,18,18,22,15,10,21,36,30,24,37,20,23,15,13,11,15,11,10,15,27,10,16,15,9,7,13,30,30,23,37,34,26,33,27,25,25,20,35,34,17,28,22,20,15,31,31,38,24,15,23,37,26,35,9,7,5,8,10,6,16,17,32,8,22,37,25,19,31,20,23,7,27,21,11,15,18,12,23,9,20,16,20,18,21,16,18,15,23,17,9,7,10,8,10,11,9,6,7,6,15,,7,7,10,8,7,5,8,9,,4,11,16,8,10,13,6,14,10,7,10,12,8,11,7,10,9,23,,6,7,8,9,5,4,7,10,12,15,7,16,7,11,6,24,8,24,12,16,20,18,7,14,16,14,9,19,27,25,17,26,30,69,50,34,16,12,32,27,,15,40,10,17,6
20210920,3,PM10,2,9,9,14,9,7,20,12,12,21,6,5,5,17,28,75,13,41,18,30,74,36,41,37,9,58,41,51,47,51,55,35,17,70,25,27,46,75,41,22,22,40,49,29,22,34,26,55,7,27,23,5,5,18,13,10,11,13,16,28,18,12,44,23,32,36,30,17,13,18,64,30,41,109,10,5,32,25,30,16,27,35,45,9,2,4,7,9,7,12,9,18,5,27,15,6,20,17,15,14,30,33,57,19,13,27,27,22,14,4,11,14,23,12,29,33,61,17,25,58,47,28,17,64,62,39,24,11,21,32,22,15,16,10,5,3,14,29,13,30,15,23,36,22,23,24,31,22,20,19,26,17,23,16,11,28,38,51,59,132,12,5,16,26,14,15,17,,14,13,16,12,15,48,37,34,41,34,56,42,54,48,51,34,64,78,36,48,,10,21,28,14,20,19,15,15,40,106,26,33,43,18,26,15,35,73,44,47,64,50,57,32,43,15,20,20,36,27,58,18,40,40,6,13,20,10,13,8,46,45,43,79,9,11,4,9,45,47,26,44,34,23,28,47,22,59,31,26,34,53,35,52,30,27,2,25,21,20,13,20,10,18,18,12,7,2,9,4,7,23,37,15,12,27,35,13,17,12,47,26,35,50,35,7,31,6,45,38,17,20,30,30,23,24,25,17,15,16,27,,42,9,37,19,17,17,19,17,,12,9,28,19,4,10,17,22,8,14,16,25,16,39,17,43,26,39,,17,16,22,21,17,14,29,28,55,33,17,33,30,36,33,41,27,32,13,28,31,34,25,21,41,40,12,52,190,92,91,96,77,230,238,95,59,19,92,127,,34,64,15,21,22
20210920,3,PM10_24h,20,25,14,43,42,7,20,32,39,31,14,9,11,13,45,78,30,45,35,40,58,40,40,32,47,65,49,54,54,55,49,32,56,69,32,39,57,65,43,38,26,49,69,31,69,33,28,68,12,20,10,40,45,21,14,11,19,13,17,21,21,18,36,18,20,18,21,17,18,13,39,31,42,81,39,39,31,24,59,28,36,41,32,38,7,9,9,16,45,23,24,31,7,26,21,11,25,25,17,22,25,22,29,18,20,31,30,25,12,10,32,9,16,11,55,67,53,33,53,38,24,35,14,59,65,57,10,9,8,16,14,11,48,49,37,43,31,32,23,36,16,24,14,19,13,17,32,18,15,11,14,13,16,17,11,42,45,57,63,100,22,15,10,26,23,29,21,,24,22,17,18,19,49,48,43,51,41,53,48,50,51,61,31,62,64,49,60,,36,27,37,16,22,13,13,16,22,136,38,40,56,40,24,34,43,78,61,54,70,49,40,33,42,27,25,26,31,31,51,20,37,27,14,18,24,60,59,44,67,58,40,66,43,50,55,38,55,52,28,43,35,33,32,54,47,67,40,32,43,66,48,58,13,14,4,11,13,11,26,23,63,15,26,76,34,39,75,40,33,22,42,36,22,28,33,26,36,17,43,33,40,39,35,32,31,33,37,32,19,14,19,17,16,20,19,13,14,14,23,,30,12,14,11,18,9,18,13,,10,11,16,15,13,13,13,16,14,15,10,18,15,23,14,25,21,45,,16,18,19,14,12,11,22,22,39,35,20,58,18,29,34,37,21,34,13,23,32,28,21,27,52,43,20,69,92,89,82,82,116,199,167,101,69,39,80,98,,35,97,18,27,13
20210920,3,SO2,3,6,3,5,4,5,4,4,9,2,4,7,3,4,7,12,6,5,7,6,5,5,6,5,6,11,5,7,6,7,5,4,4,6,7,4,6,13,6,4,5,4,4,5,5,5,4,18,6,5,6,6,5,6,6,5,7,3,5,6,6,8,9,4,9,5,5,10,7,5,10,10,7,12,4,5,13,6,7,5,9,40,17,4,4,5,6,5,7,6,4,5,5,5,4,7,10,7,6,15,7,7,6,6,7,5,6,10,8,4,10,9,4,6,7,6,14,10,10,23,5,4,5,9,6,6,3,6,5,10,8,11,6,8,7,7,2,6,6,6,3,8,7,16,10,4,5,3,5,6,7,3,4,4,6,3,7,12,7,5,7,5,3,5,4,8,8,,6,5,4,4,5,8,10,7,6,8,5,7,9,6,9,7,6,3,5,6,,6,9,4,4,8,6,4,11,11,74,3,3,7,14,2,13,6,15,11,5,8,8,8,13,11,5,6,7,6,8,6,4,9,18,6,4,6,5,4,6,18,9,8,7,11,2,4,3,7,6,7,4,6,6,5,9,19,67,5,14,13,16,6,21,13,5,4,9,6,8,7,7,8,6,7,17,2,4,7,7,5,7,11,7,2,23,10,3,2,3,8,10,9,5,23,5,15,8,61,9,4,6,7,7,8,4,5,7,5,4,11,,8,9,5,9,2,5,8,5,,4,6,17,7,7,4,9,6,7,8,5,5,5,9,7,7,4,6,,8,10,9,7,11,7,39,8,4,11,3,4,9,5,12,4,6,9,5,11,14,8,9,12,19,10,4,6,8,22,16,7,3,6,13,10,13,3,14,15,,12,17,33,6,7
20210920,3,SO2_24h,3,6,3,4,11,4,4,5,12,2,4,8,3,5,8,19,7,6,8,5,5,5,6,6,7,11,5,8,6,7,5,4,6,7,7,5,7,9,7,5,6,5,5,6,7,4,5,12,5,5,4,8,8,6,6,5,6,3,5,6,6,8,7,3,7,5,6,8,8,5,9,15,9,10,12,9,9,7,8,7,11,12,6,5,4,6,6,4,9,6,3,5,5,4,5,7,9,7,5,9,6,7,6,6,7,6,8,11,8,4,11,9,4,9,18,10,15,12,20,15,5,5,5,9,7,9,3,7,5,4,6,6,7,8,10,8,2,10,6,8,4,8,7,13,8,4,6,4,5,5,7,3,4,4,5,5,8,16,7,5,8,5,3,6,5,8,7,,8,5,7,5,6,8,10,8,8,8,6,8,9,7,9,7,7,3,6,6,,7,8,6,5,9,6,5,10,9,32,6,4,7,18,2,13,6,15,15,9,12,9,13,14,14,5,7,7,7,8,8,5,9,7,6,7,6,9,7,7,11,7,8,9,10,4,5,3,6,6,5,6,5,7,5,13,22,46,8,8,10,11,6,17,8,5,5,7,5,8,7,7,15,6,6,12,3,7,13,8,7,7,13,13,4,13,8,5,9,4,11,9,9,5,16,12,10,7,21,10,7,7,7,9,9,4,6,7,5,5,11,,8,8,4,7,2,6,6,5,,4,7,9,7,8,5,9,7,6,8,5,9,4,9,9,7,4,9,,7,9,7,5,8,6,19,9,5,8,4,5,8,6,10,5,7,11,6,9,14,9,8,14,9,9,5,6,11,19,12,8,4,6,7,10,12,4,12,17,,11,9,15,5,7
20210920,3,NO2,9,10,6,16,5,7,10,7,22,15,10,12,5,29,24,29,6,30,20,12,16,12,13,9,10,16,14,19,15,17,17,6,12,34,11,20,11,25,12,5,8,12,18,10,11,18,12,19,17,4,25,12,6,25,12,11,17,12,19,22,10,18,29,16,33,46,25,19,17,15,62,28,22,58,8,9,28,12,21,4,21,20,32,17,7,9,6,17,13,8,3,10,22,5,6,4,17,7,11,10,17,7,23,19,18,9,14,16,17,11,12,9,29,41,7,7,29,16,12,32,33,10,17,21,12,14,11,12,20,21,24,20,11,14,6,12,9,11,5,12,6,19,30,26,21,29,25,11,14,22,20,11,23,10,12,8,11,35,16,50,9,20,5,3,12,6,8,,9,4,8,5,3,18,14,13,13,12,14,15,18,10,18,18,26,46,8,18,,9,11,18,13,26,32,7,18,34,59,10,24,12,24,16,4,4,23,16,37,15,40,20,16,18,12,7,12,22,7,12,7,19,22,4,14,10,5,6,7,19,15,12,12,6,4,6,4,16,15,9,24,16,7,9,7,15,22,19,13,10,20,7,23,24,17,7,26,17,16,10,9,7,11,17,12,5,5,6,5,7,3,11,6,5,12,8,10,8,4,32,8,19,29,18,4,15,7,15,15,21,18,29,34,45,10,21,18,12,24,6,,32,9,30,8,8,11,16,8,,5,6,13,7,7,8,16,11,8,9,19,13,10,14,8,20,23,26,,20,6,11,47,9,15,25,26,36,21,26,17,10,32,27,20,22,43,9,4,20,19,21,5,31,19,12,27,86,30,20,34,11,58,61,15,6,1,53,78,,30,21,9,13,14
20210920,3,NO2_24h,16,21,11,31,28,10,15,18,30,19,17,17,10,21,31,38,22,29,22,17,17,15,13,11,18,26,18,24,22,19,12,8,15,33,16,21,22,24,20,12,14,22,25,9,22,12,13,22,27,10,17,17,12,22,11,10,17,9,14,19,11,17,19,12,23,22,16,14,15,15,42,32,26,36,16,14,24,17,28,17,33,32,12,16,9,18,8,27,16,21,17,18,13,7,16,7,13,8,7,8,11,6,13,11,19,10,10,13,13,15,22,12,24,24,35,26,27,21,29,27,15,16,12,20,19,20,12,15,13,18,21,21,21,14,10,12,13,14,7,12,7,23,22,20,16,16,25,12,12,15,17,11,22,16,19,8,12,28,25,33,20,38,13,8,26,17,12,,18,12,12,14,11,23,22,24,24,22,15,24,15,14,16,14,26,34,20,21,,17,8,12,17,28,21,12,17,24,32,15,22,16,23,11,17,7,29,28,28,23,36,24,19,20,15,11,14,24,12,18,9,21,21,12,16,12,12,14,14,27,20,9,19,12,12,14,9,16,20,7,20,11,13,9,15,19,24,15,11,8,17,12,17,17,19,9,19,14,12,17,10,19,13,14,19,13,12,16,9,12,6,13,13,9,9,8,10,14,7,24,12,16,16,12,10,12,15,11,12,18,12,21,19,21,11,24,17,16,16,7,,27,7,15,5,11,10,11,13,,5,8,9,6,8,10,10,6,8,9,11,15,10,10,5,19,13,21,,12,7,12,26,11,11,22,16,26,24,30,19,10,27,23,19,14,33,8,4,18,14,11,9,21,19,19,26,42,36,27,26,13,39,34,47,13,14,45,37,,26,25,10,17,13
20210920,3,O3,66,76,81,79,97,87,82,84,55,63,69,70,91,35,39,26,92,10,25,85,104,74,80,112,43,83,69,76,80,67,76,103,42,35,87,40,90,43,85,64,89,69,50,62,34,33,59,45,39,88,29,65,72,11,12,15,9,5,7,21,33,9,16,15,16,18,10,41,63,53,8,35,44,63,68,68,52,86,44,74,40,58,34,88,71,55,67,39,38,84,89,41,17,125,94,82,32,68,18,13,40,48,21,7,5,44,47,6,32,69,58,65,25,35,56,48,5,36,62,6,6,21,32,72,122,39,38,68,37,40,29,40,30,46,76,67,24,52,28,53,21,32,11,13,13,23,56,67,13,18,35,32,7,57,68,96,89,21,82,25,90,37,83,108,92,73,79,,68,87,85,90,89,80,88,85,77,90,71,93,56,76,68,76,51,16,69,48,,59,30,45,71,38,25,57,47,5,27,46,12,61,80,5,75,108,34,23,6,46,8,5,4,9,29,31,7,4,19,12,6,5,11,60,16,14,48,49,45,36,72,18,66,52,47,52,59,77,88,46,10,38,64,34,72,38,40,30,40,54,45,51,43,32,33,79,22,28,31,58,50,66,17,35,58,42,67,62,58,38,24,47,44,70,107,58,36,57,25,5,32,18,9,14,57,29,52,44,7,22,36,14,3,14,51,23,30,36,11,15,,10,43,21,35,18,17,27,27,,27,8,36,46,22,9,29,32,53,7,17,6,11,26,41,52,37,27,,59,45,36,32,9,47,48,15,41,51,38,80,58,11,19,25,24,7,64,67,63,43,40,94,27,47,79,58,10,80,56,27,77,6,12,71,34,82,62,16,,48,41,6,75,33
20210920,3,O3_24h,76,82,96,87,104,97,93,96,79,84,94,93,92,90,91,122,101,121,50,162,216,186,220,128,158,271,219,212,228,238,173,135,188,221,150,150,179,270,203,144,143,168,168,152,158,125,156,168,92,112,84,144,119,135,65,35,123,51,91,120,84,134,94,70,101,126,71,58,113,108,104,101,105,161,115,133,107,112,131,83,148,106,160,138,99,96,111,64,158,103,89,78,105,129,97,110,112,114,86,65,109,100,76,58,180,123,130,87,48,73,94,96,77,98,86,95,116,78,97,128,63,97,73,193,195,170,78,89,83,80,76,78,59,86,135,77,70,84,97,97,59,171,113,77,95,121,157,103,73,70,100,106,98,124,107,111,118,111,118,123,90,75,83,127,98,84,108,,112,101,99,90,116,198,192,230,209,209,216,241,226,224,224,179,128,138,144,193,,83,67,153,96,91,97,75,86,95,119,126,78,128,106,71,91,125,154,95,146,98,136,110,84,100,74,71,106,64,66,51,65,54,42,72,59,65,179,193,141,163,150,130,197,160,169,144,135,158,180,138,153,117,98,124,122,141,121,118,100,125,171,117,148,84,88,89,76,81,74,71,72,182,64,70,201,88,135,210,122,103,71,125,82,120,124,91,69,81,62,113,79,93,116,91,105,99,66,100,91,97,109,118,124,115,100,84,124,98,114,109,,103,92,65,74,53,85,67,62,,53,55,94,90,39,46,46,43,63,81,76,40,58,104,104,116,126,124,,126,111,125,92,86,102,92,121,108,119,107,122,101,123,107,108,115,110,120,123,116,119,116,119,107,102,108,132,104,158,113,110,105,106,120,140,77,103,145,158,,112,154,48,92,91
20210920,3,O3_8h,56,72,82,80,96,88,86,78,64,66,78,73,91,41,37,34,88,16,25,88,117,79,84,116,38,94,77,84,94,70,85,107,87,34,90,45,92,49,82,70,89,60,50,69,33,36,56,49,36,88,31,68,68,11,17,19,10,7,7,24,40,9,21,9,17,19,11,40,71,50,13,25,47,52,63,59,62,86,39,77,52,54,35,87,73,51,71,45,34,83,83,40,27,126,91,80,39,72,17,16,47,44,28,8,5,43,57,9,32,68,65,66,25,48,57,44,6,36,57,7,8,21,32,89,133,45,38,76,41,36,25,35,24,51,68,70,28,52,30,54,21,41,11,13,20,37,64,77,12,21,40,31,5,56,69,98,83,24,75,31,80,40,81,108,93,73,78,,71,88,88,87,87,82,89,91,82,94,92,101,68,85,82,87,59,28,73,38,,66,48,59,75,34,32,56,51,6,22,50,11,57,94,8,75,105,22,23,15,57,7,5,5,10,35,32,8,4,19,12,6,5,11,61,21,13,45,47,45,69,76,24,114,51,44,51,57,84,81,47,14,48,71,43,77,52,41,27,43,55,45,55,45,42,38,76,28,34,27,58,52,59,17,36,55,51,66,64,54,41,25,52,41,69,109,61,35,50,26,6,39,18,11,16,59,34,54,45,9,21,38,19,5,12,42,21,25,38,11,18,,6,51,21,41,16,14,24,24,,29,9,37,42,21,8,31,31,56,8,25,7,11,28,46,63,49,33,,65,48,38,50,10,54,41,17,33,46,37,78,67,10,19,29,15,4,66,68,62,52,43,93,32,46,75,70,12,68,57,16,71,8,10,48,31,83,59,32,,44,48,7,68,34
20210920,3,O3_8h_24h,56,72,83,81,98,90,89,78,72,67,82,74,91,47,40,43,88,22,26,91,131,85,88,121,38,105,85,93,107,72,95,111,138,38,93,50,95,56,82,76,89,60,51,77,33,39,57,53,37,88,36,72,68,12,22,24,11,11,8,27,47,10,27,10,20,24,13,41,77,51,17,26,50,55,63,59,71,90,39,81,63,55,37,88,77,51,75,50,36,83,83,40,45,128,91,81,44,76,18,19,52,45,33,10,5,45,65,11,35,68,72,69,26,62,59,45,9,40,61,8,14,22,32,108,146,55,38,80,46,36,26,36,24,54,68,72,33,54,33,57,22,48,14,14,28,55,70,87,13,26,45,31,5,56,73,103,83,33,75,36,80,43,81,108,93,76,78,,73,88,89,87,88,84,93,97,85,99,113,108,82,96,97,99,65,45,77,38,,72,63,72,77,37,40,56,54,11,22,54,12,57,105,9,75,105,22,26,22,69,7,6,6,11,40,33,9,4,21,12,8,5,11,62,27,13,45,47,46,93,78,31,142,51,44,52,57,95,83,48,19,58,77,49,79,74,48,29,47,58,48,60,49,53,43,76,35,43,28,59,54,59,18,41,55,57,66,65,54,45,27,55,42,69,110,64,36,52,27,10,46,22,14,18,60,40,54,49,11,23,40,26,5,13,42,24,27,42,12,24,,6,56,29,44,16,15,24,24,,31,12,42,42,23,8,31,32,62,8,32,8,12,31,49,72,59,36,,69,51,40,70,11,60,41,19,33,46,41,81,78,10,19,33,15,4,68,69,64,65,45,93,41,46,76,78,38,68,61,16,71,9,19,48,31,84,72,55,,45,52,7,69,38
20210920,3,CO,0.53,1.01,0.43,1.15,0.26,0.72,0.54,0.20,0.55,0.60,0.87,1.00,0.42,0.41,0.51,1.37,0.59,0.41,0.53,0.60,0.91,0.56,0.46,0.56,0.56,0.42,0.52,0.79,0.68,0.62,0.70,0.60,0.77,0.72,0.57,0.46,0.57,0.67,0.63,0.38,0.53,0.53,0.63,0.37,0.75,0.65,0.34,0.50,0.66,0.34,0.83,0.88,0.73,0.64,0.49,0.52,0.45,0.47,0.40,0.48,0.50,0.50,0.66,0.50,0.73,0.74,0.54,0.57,0.30,0.38,0.80,0.80,0.52,0.74,0.68,0.70,0.82,0.50,1.34,0.35,1.07,1.02,0.60,0.53,0.70,0.70,0.62,0.53,0.37,0.11,0.42,0.80,0.92,0.44,0.32,0.50,0.50,0.54,0.45,0.50,0.53,0.60,0.75,0.47,0.45,0.65,0.68,0.55,0.73,0.53,0.50,0.75,1.00,0.63,0.22,0.53,0.92,0.53,0.98,0.92,0.62,0.25,0.40,0.70,0.77,0.63,0.78,1.18,0.93,0.87,0.84,0.52,0.72,0.73,0.98,0.93,0.53,0.54,0.53,0.73,0.30,0.57,0.78,1.06,0.67,0.57,0.50,0.40,0.45,0.63,0.47,0.33,0.47,0.23,0.37,0.40,0.40,0.75,0.40,0.47,0.35,0.60,0.50,0.45,0.20,0.35,0.25,,0.35,0.65,0.50,0.40,0.50,0.50,0.65,0.63,0.40,0.70,0.85,0.73,0.80,0.70,0.85,0.40,0.70,0.80,0.50,0.65,,0.63,1.05,0.43,0.56,0.48,0.55,0.60,0.60,0.40,1.50,0.20,0.25,0.40,0.28,0.30,0.10,0.30,0.82,1.00,0.75,0.72,0.45,1.10,1.45,0.75,0.45,0.40,0.40,0.35,0.80,0.87,0.53,0.50,1.40,0.45,0.15,0.40,0.67,0.63,0.60,0.67,0.43,0.50,0.72,0.88,0.35,0.95,0.73,0.95,0.50,0.45,1.47,0.47,0.40,0.55,0.43,1.20,1.57,0.55,0.86,0.57,0.78,0.47,0.50,2.38,0.88,0.50,1.08,0.98,0.90,0.77,0.83,1.06,0.77,0.87,1.23,0.74,1.20,0.77,0.50,0.80,0.77,0.62,0.40,0.97,0.35,0.53,0.98,0.83,0.55,0.65,0.57,0.78,0.73,0.65,0.50,0.60,0.45,0.70,0.45,0.53,0.33,0.57,0.85,0.47,0.43,0.38,0.40,0.37,0.60,0.25,,0.15,0.63,1.13,0.40,0.60,0.37,0.55,0.45,,0.55,0.70,0.70,0.60,0.40,0.50,0.75,0.47,0.30,0.35,0.60,0.65,0.95,0.55,0.45,0.40,0.55,1.10,,0.35,0.40,0.50,0.47,0.55,0.35,0.65,0.45,0.30,0.20,0.10,0.25,0.50,0.35,0.30,0.30,0.25,0.30,0.20,0.70,0.60,0.60,0.50,0.30,0.37,0.40,0.37,0.45,0.60,1.20,0.20,0.40,0.20,1.03,0.30,0.47,0.30,0.30,0.75,0.45,,0.45,0.70,0.50,0.73,0.37
20210920,3,CO_24h,0.61,1.02,0.36,0.94,0.58,0.60,0.40,0.38,0.68,0.65,0.47,0.65,0.42,0.51,0.64,1.55,0.69,0.50,0.60,0.58,0.68,0.56,0.50,0.57,0.65,0.48,0.56,0.70,0.77,0.77,0.45,0.57,0.70,0.68,0.61,0.48,0.69,0.60,0.65,0.47,0.57,0.63,0.63,0.43,0.69,0.67,0.40,0.64,0.67,0.38,0.78,0.84,0.64,0.63,0.49,0.50,0.47,0.43,0.37,0.50,0.50,0.50,0.65,0.46,0.65,0.62,0.50,0.46,0.30,0.52,0.53,1.03,0.57,0.55,0.80,0.67,0.67,0.56,1.30,0.63,0.97,0.90,0.55,0.47,0.57,0.64,0.63,0.80,0.37,0.24,0.47,0.68,0.62,0.42,0.36,0.45,0.56,0.57,0.43,0.56,0.50,0.50,0.65,0.50,0.55,0.70,0.66,0.60,0.57,0.55,0.59,0.82,0.90,0.67,0.54,1.57,0.92,0.92,0.96,0.78,0.44,0.33,0.38,0.65,0.80,0.57,0.73,0.96,0.82,0.73,0.78,0.73,0.73,0.80,0.92,0.78,0.57,0.56,0.63,0.74,0.30,0.70,0.70,0.92,0.68,0.47,0.55,0.52,0.43,0.50,0.53,0.50,0.53,0.34,0.67,0.45,0.40,0.76,0.46,0.43,0.50,0.70,0.60,0.45,0.35,0.55,0.45,,0.55,0.85,0.50,0.40,0.60,0.45,0.65,0.73,0.50,0.70,0.85,0.80,0.80,0.65,0.75,0.45,0.70,0.70,0.60,0.70,,0.67,0.88,0.43,1.10,0.60,0.47,0.90,0.67,0.50,0.88,0.13,0.40,0.40,0.50,0.33,0.15,0.30,0.84,1.32,0.73,0.75,0.53,0.95,1.05,0.70,0.45,0.40,0.43,0.30,0.60,0.87,0.62,0.63,0.60,0.40,0.20,0.40,0.67,0.63,0.68,1.03,0.60,0.43,0.63,0.84,0.45,0.83,0.67,0.83,0.55,0.45,0.83,0.50,0.43,0.60,0.55,0.98,1.32,0.60,0.84,0.60,0.78,0.57,0.55,1.40,0.92,0.53,0.95,0.92,0.80,0.75,0.77,1.22,0.93,0.88,1.13,0.76,1.20,0.83,0.43,0.87,0.80,0.70,0.40,0.78,0.43,0.52,0.85,0.63,0.55,0.80,0.60,0.73,0.55,0.58,0.63,0.67,0.45,0.67,0.45,0.63,0.33,0.50,0.67,0.50,0.47,0.63,0.43,0.53,0.57,0.30,,0.25,0.58,0.53,0.30,0.55,0.43,0.50,0.45,,0.55,0.75,0.55,0.55,0.40,0.60,0.60,0.33,0.35,0.40,0.55,0.65,0.90,0.60,0.45,0.35,0.50,0.85,,0.35,0.35,0.53,0.43,0.65,0.60,0.40,0.45,0.30,0.20,0.15,0.30,0.55,0.35,0.30,0.30,0.25,0.50,0.30,0.60,0.50,0.50,0.50,0.30,0.27,0.40,0.43,0.50,0.50,1.05,0.25,0.60,0.20,0.80,0.50,0.90,0.40,0.30,0.70,0.30,,0.45,0.80,0.50,0.65,0.47
20210920,4,AQI,21,24,25,24,29,27,24,26,21,22,22,21,28,18,23,60,31,43,16,30,61,42,36,38,14,51,37,50,48,47,56,39,17,56,26,28,43,56,40,21,27,39,53,34,11,37,26,54,10,29,21,19,23,17,14,11,10,11,17,27,22,15,40,21,32,35,29,21,19,16,57,25,39,70,22,22,31,26,32,20,50,46,54,22,21,19,21,16,13,26,29,17,19,38,28,27,22,29,16,16,25,30,56,13,13,22,33,21,15,22,17,18,41,22,26,30,54,16,44,53,48,27,17,57,63,21,24,20,23,33,19,16,19,13,24,21,15,26,12,32,16,23,29,20,16,26,30,18,17,19,24,19,22,17,21,29,41,47,54,124,28,11,26,33,28,23,23,,22,27,26,28,28,51,37,34,42,38,63,40,54,51,53,32,58,65,36,47,,15,33,36,20,21,22,19,15,36,78,24,29,39,21,24,23,38,41,35,52,70,48,49,32,41,17,24,19,35,51,56,17,36,31,17,15,20,15,15,19,60,52,43,64,17,14,18,19,32,45,25,50,32,24,29,48,15,59,27,25,38,51,33,51,27,50,25,27,24,26,20,17,22,19,23,19,10,20,20,17,11,22,35,19,22,33,29,13,22,12,51,24,33,54,37,18,29,13,45,38,23,20,29,28,20,27,21,17,14,17,24,,31,13,37,22,18,14,19,17,,13,11,36,13,14,19,24,33,17,15,18,23,19,30,15,47,26,29,,17,14,16,24,20,13,28,29,35,31,19,42,29,26,32,39,17,41,23,27,29,36,25,26,49,38,23,53,,71,65,68,67,146,143,80,37,23,68,90,,40,59,15,23,24
20210920,4,PM2.5,6,5,11,11,6,3,13,11,14,12,8,5,4,10,16,42,5,14,8,21,41,25,22,24,7,30,24,31,28,26,40,27,12,38,14,14,26,37,26,11,11,23,29,22,5,20,16,24,5,7,11,4,7,7,5,5,6,3,4,11,10,5,22,8,16,20,10,13,6,8,17,13,13,28,4,8,16,13,19,7,35,32,24,9,5,2,7,11,8,4,5,6,13,17,8,11,10,20,7,4,15,21,13,9,5,12,16,10,10,2,12,6,29,7,12,10,27,8,31,25,15,18,12,38,45,12,17,6,16,18,12,9,11,5,6,2,8,18,3,20,7,9,15,11,11,16,11,9,8,13,12,9,9,6,5,8,15,21,16,53,7,2,6,8,4,3,10,,4,6,4,4,6,30,20,23,22,20,45,23,38,32,33,20,34,37,25,32,,9,9,25,9,11,14,13,5,10,28,17,14,14,14,13,9,24,23,14,25,51,24,31,14,11,8,17,8,14,18,23,11,16,22,7,7,14,7,4,13,22,21,28,46,11,5,5,6,14,31,16,35,22,17,13,24,9,38,19,10,15,30,19,34,14,35,9,19,14,18,4,12,4,11,15,10,7,2,6,2,5,4,15,13,9,14,20,7,7,4,14,14,16,14,21,5,16,6,27,18,11,10,12,15,13,15,8,8,7,5,15,,7,5,10,12,6,7,10,10,,2,4,25,6,10,13,17,23,6,8,8,8,13,11,5,11,11,8,,6,5,8,17,10,8,8,11,14,14,5,15,10,10,5,21,8,29,9,19,20,22,9,16,18,20,6,19,,28,20,32,13,70,72,21,10,3,32,36,,21,24,7,16,9
20210920,4,PM2.5_24h,16,14,11,29,17,5,16,23,21,20,11,10,7,8,20,40,17,16,12,24,33,24,27,14,23,33,26,32,30,32,29,17,30,39,19,20,33,34,26,23,14,28,35,23,28,16,17,31,10,7,7,21,24,8,5,7,6,5,6,9,9,9,21,7,12,9,6,8,6,6,17,17,15,22,24,28,14,14,36,13,37,27,17,16,5,8,7,14,23,10,15,19,9,13,11,6,12,15,9,7,15,13,10,9,11,17,18,12,7,7,17,5,20,8,20,36,25,14,35,18,9,17,11,36,38,31,9,4,5,12,10,6,32,28,23,17,18,19,10,20,8,12,7,19,12,9,11,11,9,10,7,5,6,8,5,6,14,20,18,28,18,9,7,9,10,17,12,,14,14,7,9,10,28,23,25,27,24,34,28,34,32,36,20,34,28,30,39,,23,12,22,7,12,10,11,9,9,26,21,18,18,22,15,10,22,36,29,25,38,21,23,15,13,11,14,11,10,15,26,10,16,15,10,8,13,29,29,23,36,33,26,34,26,24,24,20,34,34,17,28,23,19,14,31,29,38,23,15,22,37,26,35,10,9,5,8,10,7,15,15,31,8,20,36,23,18,31,19,21,6,26,21,10,15,18,11,22,9,19,16,20,18,21,15,18,15,23,17,9,7,10,8,11,11,9,6,7,6,15,,7,7,10,8,7,6,8,9,,4,10,16,8,10,13,7,14,10,7,9,12,9,11,7,10,8,23,,6,7,8,9,5,4,8,11,12,16,7,16,7,11,6,24,8,24,12,16,20,18,7,14,17,14,9,19,27,25,17,26,29,68,52,33,16,12,33,27,,16,39,10,17,6
20210920,4,PM10,4,7,7,19,9,4,17,7,13,18,9,4,6,18,22,70,13,43,16,28,72,42,36,38,12,51,37,50,48,47,56,36,15,62,24,28,43,62,40,21,23,39,55,34,10,37,26,58,5,29,21,4,2,17,14,11,10,11,17,27,22,15,40,21,32,35,29,21,14,16,63,25,39,90,20,4,31,19,32,14,27,38,57,5,2,6,8,9,11,11,9,17,6,28,14,6,22,19,16,16,25,27,61,13,13,22,33,21,15,3,15,13,29,13,26,30,57,16,27,55,48,27,15,63,61,21,24,17,22,33,19,16,19,8,6,3,15,25,12,32,16,23,29,20,16,26,30,16,17,18,24,19,22,17,11,28,41,47,57,198,10,2,12,32,15,18,23,,14,13,20,9,24,52,37,34,42,38,56,40,57,51,55,32,66,80,36,47,,12,33,31,16,21,22,16,15,36,105,22,29,39,21,24,17,38,41,35,53,55,48,49,32,41,17,15,19,35,51,61,17,36,27,6,15,19,11,8,13,69,54,43,68,10,10,5,12,32,45,25,43,32,22,29,48,12,67,15,25,38,52,33,51,27,34,4,21,24,21,11,16,6,19,23,14,7,2,7,4,7,22,35,15,10,27,22,12,11,12,51,24,33,58,37,8,29,4,45,38,23,20,29,28,19,27,21,17,14,17,24,,31,11,37,22,18,14,19,17,,13,11,24,13,4,13,17,21,7,15,18,23,11,30,15,47,26,29,,16,12,16,24,20,13,28,29,35,31,19,42,29,26,32,39,17,36,10,26,27,36,25,24,49,38,14,56,,92,79,85,83,241,236,109,37,14,85,129,,40,67,15,21,24
20210920,4,PM10_24h,18,24,14,40,41,7,20,31,38,30,13,9,10,13,44,78,29,45,34,40,59,40,40,33,45,66,49,54,54,55,51,33,56,69,32,39,56,66,43,37,26,47,69,32,66,34,28,66,12,20,11,38,42,21,14,12,19,13,17,21,21,17,37,18,21,19,21,17,18,14,41,31,42,81,38,36,30,24,57,27,35,41,34,36,6,9,9,15,43,22,22,30,7,26,21,10,24,25,16,21,26,22,30,17,19,31,30,24,12,9,30,9,16,11,54,65,53,32,51,39,26,35,14,60,66,55,11,10,9,17,15,11,46,46,35,37,29,32,22,35,16,25,15,19,13,17,32,18,15,11,15,13,17,17,11,36,45,56,63,102,22,14,10,25,22,27,20,,22,19,17,17,19,50,48,42,52,41,53,48,51,52,62,32,63,65,47,60,,35,26,37,16,22,13,13,16,23,129,38,40,56,39,24,34,42,76,60,55,69,50,41,33,42,27,25,26,31,32,51,21,36,26,14,18,24,58,57,43,67,57,41,66,41,48,52,37,54,51,28,44,36,32,32,54,45,67,40,32,42,65,47,57,14,14,4,12,13,11,24,20,61,16,24,74,32,36,73,39,31,22,41,35,20,28,33,25,35,16,43,33,40,40,35,31,31,31,37,32,20,15,20,17,16,21,20,13,14,14,24,,30,12,15,11,18,10,18,13,,11,11,16,15,13,13,13,16,14,15,10,18,15,24,14,26,21,44,,16,18,19,15,13,11,23,23,38,35,20,55,19,29,35,37,21,35,13,23,31,29,21,27,53,43,20,70,90,88,82,83,114,197,171,101,70,39,80,98,,36,96,17,27,14
20210920,4,SO2,2,5,3,4,4,5,4,5,9,2,4,7,3,5,7,11,7,5,7,6,5,5,6,5,6,9,6,8,6,6,4,4,4,6,7,5,6,12,8,4,5,4,4,6,4,5,4,21,5,4,6,6,5,6,6,4,8,4,5,6,7,9,8,4,11,5,5,9,7,5,12,10,6,10,4,5,12,6,7,5,9,24,23,4,4,5,6,5,7,6,4,5,5,4,4,7,10,7,6,12,7,6,10,6,7,5,7,10,7,4,13,9,4,6,7,5,12,10,10,22,5,3,6,9,10,5,3,6,5,10,6,7,7,8,8,7,2,11,6,12,3,8,11,13,8,4,5,3,5,8,7,3,4,5,6,3,8,11,6,5,8,4,3,5,4,8,8,,6,5,3,5,6,9,9,7,6,8,5,7,10,7,9,8,5,2,6,6,,6,10,6,4,7,6,5,10,12,56,3,3,7,16,2,14,6,16,10,7,9,8,7,14,11,4,7,7,7,8,7,4,8,24,5,5,6,5,4,5,17,6,8,6,11,2,4,2,6,6,7,4,5,6,5,20,16,18,6,15,12,8,6,18,17,6,4,9,8,8,7,8,8,6,7,8,2,4,8,7,5,7,7,8,2,22,9,3,3,4,13,9,7,4,35,5,14,8,20,10,4,6,8,6,8,4,5,7,5,5,11,,9,7,5,10,2,6,6,5,,4,6,21,7,7,4,8,6,6,8,4,5,4,9,8,6,5,11,,7,10,8,5,12,7,71,7,5,10,3,4,9,5,12,4,7,8,5,11,15,8,9,12,11,11,4,6,,19,12,8,3,6,21,9,12,4,12,15,,13,7,5,6,7
20210920,4,SO2_24h,3,6,3,5,11,4,4,5,12,2,4,8,3,5,8,19,7,6,8,5,5,5,6,6,7,11,5,8,6,7,5,4,6,7,7,5,7,9,7,5,6,4,5,6,7,4,5,13,5,5,4,8,7,6,6,5,6,3,5,6,6,8,7,3,7,5,6,8,8,5,9,15,8,10,12,8,9,7,8,7,11,12,6,5,4,6,6,4,9,6,3,5,5,4,5,7,9,7,5,9,6,7,6,6,7,6,7,11,8,4,11,9,4,8,17,10,15,12,19,16,5,5,5,9,7,9,3,7,5,4,6,6,7,8,10,8,2,10,6,9,4,8,7,14,8,4,6,4,5,6,7,3,4,4,5,4,8,16,7,5,8,5,3,5,5,8,7,,7,5,7,5,6,8,10,8,8,8,6,8,9,7,9,7,7,3,6,6,,7,8,6,5,9,6,5,10,10,34,6,4,7,17,2,13,6,16,15,9,12,9,13,14,14,5,7,7,7,8,7,5,9,8,6,7,6,9,7,6,11,7,8,9,10,4,5,3,6,6,5,6,5,7,5,13,20,46,8,8,10,11,6,16,8,5,5,7,5,8,7,7,15,6,6,12,3,6,13,8,7,7,12,12,4,14,8,5,9,4,11,9,9,5,17,12,10,7,22,10,7,7,7,9,9,4,6,7,5,5,11,,8,8,4,7,2,6,6,5,,4,7,10,7,8,5,9,7,6,8,5,9,4,9,9,7,4,9,,7,9,7,5,8,6,22,9,5,8,4,5,8,6,10,5,7,11,6,9,14,9,8,14,9,9,5,7,11,19,12,8,4,6,8,10,12,4,12,17,,11,9,14,5,7
20210920,4,NO2,8,9,6,17,5,7,10,6,12,13,9,13,6,31,21,31,6,30,18,12,17,12,14,10,9,16,15,19,15,15,16,6,11,30,11,21,11,27,13,5,8,11,22,14,11,21,11,20,14,4,18,12,6,23,13,10,17,12,16,21,14,19,28,14,30,43,23,16,15,14,55,28,21,39,7,9,29,13,20,4,18,23,39,19,8,8,6,17,14,8,3,9,22,5,6,2,18,8,10,11,17,6,21,16,18,8,15,13,15,11,14,11,31,44,6,7,25,13,11,29,29,10,14,27,24,16,10,13,25,17,21,24,10,12,7,9,9,10,6,13,6,21,31,24,18,28,24,14,12,26,18,8,19,13,11,8,14,29,8,41,9,21,4,3,12,5,10,,10,4,6,5,3,18,15,15,13,12,13,15,20,12,21,18,26,46,10,17,,10,11,19,13,30,28,8,23,32,53,9,20,11,29,15,4,4,12,14,33,14,35,16,16,16,12,8,12,23,9,11,7,20,21,6,19,9,4,7,5,14,12,13,12,6,4,8,4,13,14,10,24,16,8,8,13,13,10,10,12,9,8,7,18,21,19,7,23,16,13,9,8,8,10,12,12,7,5,7,5,9,3,7,5,4,11,7,8,8,4,31,10,11,31,23,3,14,9,22,24,21,14,32,27,39,9,23,14,11,24,6,,22,7,28,5,9,9,14,9,,5,6,12,8,8,9,15,12,7,9,15,14,9,11,6,18,26,18,,16,6,10,43,9,23,21,24,29,16,29,14,8,28,23,19,19,36,7,4,17,17,16,6,29,21,12,17,,32,10,22,10,53,55,10,6,4,46,71,,26,8,11,15,14
20210920,4,NO2_24h,16,21,10,29,26,10,15,18,30,19,17,17,10,22,30,38,22,29,21,17,17,15,13,11,18,25,18,24,22,19,13,8,15,33,16,21,21,25,19,12,13,22,25,9,21,12,13,20,27,9,18,17,11,22,11,10,17,9,14,19,11,17,19,13,24,24,17,15,15,15,43,32,26,37,15,14,24,17,28,16,31,31,14,16,9,18,8,27,16,20,15,17,13,6,16,7,14,8,7,8,11,6,13,10,18,10,10,13,13,15,21,13,24,25,34,26,27,21,28,27,17,15,13,21,20,19,13,15,14,19,22,22,20,14,9,11,13,13,7,12,7,24,22,20,16,17,25,12,12,15,17,11,22,16,20,8,12,28,26,33,19,38,13,6,25,17,12,,17,11,12,14,10,23,22,24,23,21,14,24,15,14,17,15,26,34,19,21,,16,8,13,17,29,21,12,17,24,34,15,23,16,23,11,17,7,29,27,29,22,36,24,19,20,15,11,14,24,12,17,9,21,21,12,16,12,11,14,14,25,20,9,19,12,12,14,9,15,20,7,20,11,13,9,15,18,24,15,11,8,17,12,17,17,19,9,20,14,12,17,10,19,13,14,18,13,12,16,9,11,6,12,12,8,9,8,10,13,7,24,12,16,16,13,10,12,15,11,13,18,12,21,20,23,11,24,17,15,17,7,,27,7,16,5,11,11,12,13,,5,8,10,6,8,10,10,7,8,9,11,14,10,10,5,19,13,21,,12,7,12,27,11,11,22,16,27,24,29,18,10,27,23,19,14,32,8,4,18,14,11,9,21,19,19,26,40,35,27,26,13,39,34,45,13,15,46,37,,27,24,10,18,13
20210920,4,O3,67,77,81,77,94,87,78,84,68,69,69,67,88,27,42,19,98,8,26,81,92,71,72,103,45,71,64,70,71,67,68,98,29,37,83,34,87,36,82,57,86,67,40,45,35,28,59,43,33,87,38,60,73,11,10,14,8,5,9,18,26,8,15,14,16,15,8,40,62,52,12,28,42,78,71,70,50,84,50,65,45,49,26,69,68,61,68,39,40,84,92,44,18,123,91,87,26,62,18,10,37,49,21,3,4,43,39,5,33,71,54,56,15,27,52,48,7,40,59,5,6,22,33,45,64,33,38,63,27,44,29,26,31,41,76,66,27,52,25,49,20,22,8,12,11,19,47,56,13,15,34,35,12,47,68,94,85,23,95,34,89,28,84,105,90,75,74,,70,86,83,89,88,74,83,80,73,86,58,87,49,67,58,72,45,13,62,45,,49,28,36,64,27,30,57,34,7,19,44,11,64,68,4,74,105,42,25,7,39,8,5,4,6,25,32,7,4,23,14,7,5,11,55,11,14,48,48,48,32,66,17,49,54,46,58,61,38,89,41,7,29,54,28,57,47,51,44,41,53,49,49,47,33,27,79,25,30,32,65,51,69,19,36,60,32,65,64,55,35,22,47,45,71,104,46,40,69,19,4,29,27,8,10,57,25,42,30,5,17,28,10,1,12,43,17,32,33,9,13,,22,41,25,35,14,20,26,24,,19,6,38,38,19,7,30,29,54,6,15,5,11,30,39,47,27,37,,54,44,37,27,9,33,51,14,44,58,36,83,65,13,22,21,23,15,75,59,51,46,42,83,20,39,74,74,,64,64,38,76,6,14,71,47,73,56,12,,51,55,6,64,33
20210920,4,O3_24h,76,82,93,87,104,97,92,96,79,84,94,92,92,90,91,122,103,121,50,162,216,186,220,128,158,245,219,212,228,238,173,135,188,221,150,150,179,270,203,144,143,168,168,152,158,122,156,168,91,111,84,144,119,135,65,35,123,51,91,120,84,134,94,69,101,126,71,58,113,108,104,101,105,161,115,133,107,112,131,83,148,106,160,138,99,84,104,66,158,103,92,78,103,130,97,110,112,114,78,61,109,100,76,58,180,123,130,87,48,73,95,96,77,98,86,95,116,78,97,128,63,97,73,193,195,170,75,89,83,80,76,71,57,85,135,77,70,84,97,97,59,171,113,77,95,121,157,103,73,70,100,106,98,124,107,111,118,111,118,123,90,72,84,127,98,84,98,,112,101,99,90,116,198,192,230,209,209,216,241,226,224,224,179,128,138,144,193,,83,67,153,96,90,97,75,86,95,119,126,78,128,106,71,91,125,154,95,146,98,136,110,84,100,74,71,106,64,66,51,65,54,42,72,59,65,179,193,141,163,150,130,197,160,169,144,135,158,180,138,153,117,98,124,122,141,121,118,100,125,171,117,148,84,88,89,76,81,74,71,72,182,64,68,201,85,135,210,122,103,71,125,82,120,122,91,69,82,62,113,79,93,116,91,105,99,66,100,91,97,109,118,124,115,100,84,124,98,114,109,,103,92,70,74,53,85,67,61,,53,55,94,90,39,46,46,43,63,81,76,40,58,104,104,116,126,124,,126,111,125,92,86,102,92,121,108,119,107,122,101,123,107,108,115,110,120,123,116,119,116,119,107,102,108,132,70,158,113,110,105,106,120,140,77,103,145,158,,112,154,48,92,91
20210920,4,O3_8h,58,73,81,79,95,88,84,79,65,67,76,71,90,37,39,30,90,14,25,86,111,77,81,113,40,89,74,81,88,69,80,105,72,35,88,42,91,46,82,67,88,62,47,63,34,34,57,47,35,88,33,66,69,11,15,18,10,6,8,22,36,9,19,11,17,18,10,40,69,51,13,26,46,59,65,62,59,86,42,74,50,53,32,83,72,54,70,43,35,83,85,41,25,125,91,82,36,70,17,15,45,45,26,7,5,43,53,8,32,69,62,63,22,43,56,45,6,37,58,6,8,21,32,78,116,42,38,73,37,38,25,33,26,49,70,69,28,52,29,53,21,36,10,12,18,33,60,72,12,19,38,32,6,54,69,97,84,23,80,32,83,37,82,107,92,74,77,,71,87,87,88,87,81,88,88,80,92,83,97,64,80,76,83,56,24,71,40,,61,43,53,72,32,32,56,46,7,21,48,11,59,87,7,75,105,27,23,13,52,7,5,5,9,32,32,8,4,18,13,7,5,11,59,18,13,46,47,46,60,73,22,98,52,44,53,58,72,83,46,13,43,67,39,72,51,43,31,43,55,47,53,46,39,35,77,27,33,28,60,51,61,18,36,56,46,66,64,55,39,25,51,42,70,108,58,36,55,24,6,37,20,10,15,58,31,51,41,8,20,36,17,4,12,42,20,27,37,11,17,,10,49,26,39,16,16,24,24,,26,9,38,41,21,7,30,30,56,7,23,6,11,29,44,59,43,34,,63,47,38,44,10,48,44,16,36,49,37,80,66,11,20,27,17,7,68,66,60,51,43,91,29,44,74,71,,67,58,21,73,6,11,54,35,80,59,27,,46,50,6,67,34
20210920,4,O3_8h_24h,59,74,83,82,98,91,89,79,72,67,82,74,91,47,41,43,90,22,26,91,131,85,88,121,40,112,85,93,107,72,95,111,138,40,93,50,95,56,83,76,89,62,51,77,34,39,58,53,39,88,37,72,69,13,22,24,11,11,9,27,47,11,27,11,21,24,13,42,77,52,17,27,51,62,65,62,71,90,42,81,63,56,37,88,77,55,75,51,37,83,85,41,45,128,91,82,44,76,18,19,52,46,33,10,5,45,65,11,35,69,72,69,26,62,59,46,9,41,63,8,14,22,33,108,146,55,38,80,46,38,27,36,26,54,70,72,33,54,33,57,22,48,14,14,28,55,71,87,13,26,45,32,6,56,73,103,85,33,80,38,83,43,82,108,93,76,78,,73,88,89,88,88,84,93,97,85,99,113,108,82,96,97,99,65,45,77,40,,72,63,72,77,37,40,57,54,11,22,54,12,59,105,9,75,105,27,27,22,69,8,6,6,11,40,33,9,4,21,13,8,5,11,62,27,13,46,47,46,93,78,31,142,52,44,53,58,95,85,48,19,58,77,49,79,74,48,31,47,58,49,60,49,53,43,77,35,43,29,60,54,61,18,42,56,57,66,65,55,45,27,56,43,70,110,64,37,56,27,10,46,23,14,18,60,40,54,49,11,23,40,26,5,13,42,24,28,42,12,24,,10,56,26,44,16,16,24,25,,31,12,42,42,23,7,31,32,62,8,32,8,12,31,49,72,59,37,,69,51,40,70,11,60,44,19,36,49,41,81,78,11,20,33,17,7,68,69,64,65,45,93,41,46,76,78,66,68,61,21,73,9,21,54,35,84,72,55,,46,52,7,69,38
20210920,4,CO,0.53,0.96,0.44,1.16,0.28,0.72,0.44,0.18,0.45,0.43,0.93,1.10,0.42,0.40,0.51,1.39,0.57,0.38,0.59,0.62,0.93,0.56,0.46,0.61,0.60,0.42,0.56,0.76,0.80,0.57,0.57,0.62,0.75,0.69,0.59,0.46,0.57,0.70,0.63,0.38,0.53,0.53,0.63,0.37,0.78,0.65,0.32,0.50,0.63,0.34,0.74,0.90,0.73,0.63,0.48,0.52,0.46,0.47,0.37,0.50,0.53,0.44,0.66,0.50,0.73,0.73,0.54,0.53,0.32,0.35,1.10,0.97,0.50,0.62,0.68,0.70,0.78,0.50,1.36,0.38,1.23,0.95,0.60,0.66,0.97,0.63,0.62,0.57,0.38,0.11,0.35,0.75,0.87,0.42,0.32,0.47,0.52,0.56,0.47,0.54,0.53,0.53,0.75,0.50,0.45,0.65,0.72,0.50,0.80,0.53,0.57,0.78,1.22,0.67,0.22,0.53,0.90,0.52,1.04,0.97,0.64,0.22,0.42,0.72,1.25,0.63,0.77,1.46,0.93,0.90,0.80,0.55,0.73,0.73,1.00,0.93,0.53,0.56,0.55,0.76,0.30,0.53,0.74,0.94,0.65,0.57,0.53,0.40,0.42,0.68,0.45,0.33,0.40,0.24,0.37,0.40,0.40,0.65,0.36,0.33,0.40,0.60,0.50,0.45,0.25,0.35,0.25,,0.35,0.65,0.50,0.40,0.60,0.45,0.65,0.70,0.35,0.70,0.85,0.73,0.80,0.80,0.80,0.40,0.70,0.80,0.50,0.65,,0.63,1.05,0.43,0.58,0.47,0.65,0.54,0.60,0.37,1.63,0.20,0.25,0.40,0.30,0.27,0.20,0.30,0.62,0.75,0.70,0.72,0.45,1.10,1.15,0.75,0.45,0.40,0.37,0.35,0.77,1.00,0.67,0.50,1.27,0.70,0.15,0.40,0.62,0.63,0.60,0.67,0.55,0.50,0.65,0.88,0.38,0.95,0.90,0.70,0.50,0.47,1.37,0.47,0.37,0.55,0.50,1.02,0.45,0.47,0.86,0.57,0.68,0.47,0.50,1.13,0.95,0.50,1.10,1.00,0.90,0.73,0.83,1.12,0.67,0.85,1.07,0.76,1.20,0.77,0.50,0.83,0.77,0.75,0.42,0.95,0.38,0.53,0.93,1.00,0.60,0.75,0.60,0.65,0.82,0.65,0.47,0.63,0.45,0.70,0.45,0.53,0.33,0.60,0.75,0.53,0.43,0.40,0.37,0.37,0.60,0.25,,0.15,0.60,0.87,0.37,0.55,0.33,0.55,0.45,,0.55,0.70,0.65,0.60,0.35,0.80,0.75,0.83,0.30,0.35,0.60,0.65,0.90,0.55,0.40,0.45,0.60,1.45,,0.40,0.40,0.47,0.50,0.55,0.35,0.55,0.50,0.25,0.15,0.10,0.20,0.50,0.35,0.20,0.30,0.25,0.40,0.20,0.70,0.60,0.50,0.50,0.30,0.27,0.40,0.33,0.45,,1.15,0.15,0.40,0.20,0.93,0.45,0.43,0.30,0.50,0.65,0.45,,0.50,0.70,0.50,0.57,0.37
20210920,4,CO_24h,0.60,1.02,0.36,0.95,0.56,0.60,0.40,0.36,0.68,0.65,0.47,0.65,0.42,0.51,0.64,1.57,0.67,0.50,0.59,0.58,0.70,0.56,0.50,0.56,0.65,0.48,0.54,0.69,0.80,0.77,0.45,0.57,0.73,0.68,0.60,0.48,0.66,0.60,0.68,0.47,0.57,0.63,0.63,0.43,0.69,0.67,0.40,0.61,0.68,0.36,0.79,0.81,0.64,0.63,0.49,0.50,0.47,0.43,0.37,0.50,0.50,0.48,0.65,0.48,0.66,0.62,0.52,0.46,0.30,0.49,0.55,1.03,0.57,0.55,0.82,0.67,0.67,0.56,1.30,0.63,0.97,0.90,0.58,0.49,0.58,0.66,0.62,0.76,0.38,0.23,0.47,0.70,0.62,0.42,0.36,0.47,0.56,0.57,0.43,0.56,0.50,0.50,0.70,0.50,0.55,0.70,0.66,0.60,0.60,0.55,0.59,0.80,0.92,0.67,0.54,1.55,0.94,0.88,0.96,0.80,0.46,0.33,0.38,0.68,0.85,0.57,0.74,1.02,0.83,0.75,0.78,0.73,0.73,0.80,0.92,0.78,0.57,0.56,0.60,0.74,0.30,0.70,0.70,0.92,0.68,0.47,0.55,0.52,0.43,0.50,0.53,0.47,0.53,0.34,0.67,0.45,0.40,0.78,0.46,0.43,0.50,0.70,0.60,0.45,0.35,0.55,0.40,,0.55,0.85,0.50,0.40,0.60,0.45,0.65,0.73,0.50,0.70,0.85,0.80,0.80,0.65,0.75,0.50,0.70,0.70,0.60,0.70,,0.67,0.88,0.43,1.02,0.60,0.50,0.90,0.63,0.50,0.93,0.13,0.40,0.40,0.47,0.33,0.20,0.30,0.86,1.35,0.75,0.75,0.53,0.95,0.95,0.70,0.45,0.40,0.43,0.30,0.60,0.80,0.65,0.63,0.60,0.40,0.20,0.40,0.67,0.63,0.68,1.03,0.60,0.43,0.63,0.84,0.45,0.83,0.70,0.80,0.55,0.45,0.87,0.50,0.43,0.60,0.55,0.92,1.30,0.60,0.84,0.60,0.78,0.57,0.55,1.40,0.95,0.53,0.97,0.92,0.80,0.75,0.73,1.22,0.93,0.87,1.10,0.76,1.20,0.83,0.43,0.87,0.80,0.70,0.40,0.78,0.43,0.52,0.88,0.65,0.55,0.78,0.60,0.73,0.58,0.60,0.63,0.63,0.45,0.67,0.45,0.63,0.33,0.50,0.65,0.50,0.47,0.63,0.43,0.53,0.60,0.30,,0.25,0.58,0.55,0.30,0.55,0.43,0.50,0.45,,0.55,0.75,0.55,0.55,0.40,0.60,0.60,0.37,0.35,0.40,0.55,0.65,0.90,0.60,0.45,0.35,0.50,0.85,,0.35,0.35,0.53,0.43,0.65,0.55,0.40,0.45,0.30,0.25,0.15,0.30,0.55,0.35,0.30,0.30,0.25,0.50,0.30,0.60,0.60,0.50,0.50,0.30,0.27,0.40,0.43,0.50,0.50,1.05,0.25,0.60,0.20,0.80,0.50,0.90,0.40,0.40,0.75,0.30,,0.45,0.80,0.50,0.65,0.47
20210920,5,AQI,20,25,24,24,28,26,23,25,22,25,22,23,27,17,22,59,32,44,20,30,63,41,34,39,17,48,42,51,49,42,49,41,10,55,24,30,42,59,41,21,25,34,51,34,12,48,30,53,11,30,21,19,25,17,14,11,13,10,17,32,25,15,47,18,31,34,29,21,19,16,55,31,41,72,21,24,27,23,34,19,53,33,52,13,20,19,21,14,16,26,30,14,20,37,28,28,20,36,16,17,28,24,50,16,13,24,27,19,14,23,17,16,49,23,22,31,48,13,37,53,42,29,19,57,52,13,26,20,21,34,22,19,21,13,23,19,16,30,16,33,15,25,22,21,17,30,31,20,17,33,23,17,18,22,21,29,40,48,57,136,28,11,25,37,27,23,25,,23,29,26,28,26,52,38,34,39,37,64,40,59,52,53,30,58,65,40,44,,16,29,41,20,27,24,20,19,33,71,26,23,36,19,22,26,35,29,29,49,76,48,45,30,42,20,23,16,36,27,50,17,31,31,17,25,21,16,15,17,40,39,44,51,20,15,19,22,15,46,32,50,34,23,27,49,15,51,18,22,35,48,33,51,27,68,26,33,23,21,22,21,21,18,29,20,13,17,22,15,10,19,19,18,20,31,31,14,23,12,52,28,15,49,41,18,31,14,50,42,23,22,26,27,27,28,24,19,15,18,24,,23,13,31,21,13,14,12,18,,13,11,33,13,11,14,20,27,17,15,16,19,23,23,13,18,25,15,,17,13,15,25,17,11,28,36,49,31,20,52,31,17,22,36,20,40,23,26,25,36,24,25,49,40,19,52,124,77,60,67,65,213,128,69,23,19,65,84,,29,43,17,23,19
20210920,5,PM2.5,6,3,7,12,8,5,12,8,15,7,7,5,5,9,13,41,5,15,8,21,43,26,22,27,12,31,25,32,29,26,21,29,4,37,13,15,25,40,27,11,11,24,30,20,4,22,21,21,6,6,12,5,5,7,4,7,6,3,5,12,14,6,25,8,15,19,9,12,5,8,18,20,17,28,4,8,18,11,21,6,37,23,25,9,4,2,7,10,8,4,4,4,14,18,7,4,10,25,7,4,16,17,12,6,5,13,19,10,5,1,12,9,34,8,10,14,23,8,26,25,17,17,11,29,34,9,18,6,15,17,14,10,13,5,6,3,9,18,4,21,7,9,11,12,8,17,11,9,9,21,11,10,9,7,7,6,15,20,17,55,7,5,,10,7,7,9,,4,7,5,7,6,33,22,24,23,20,46,23,42,34,33,21,35,37,27,31,,7,10,29,10,15,17,14,8,10,30,18,12,17,13,15,10,19,20,13,22,56,20,30,16,14,11,16,7,15,19,25,10,14,22,8,11,15,8,4,12,12,4,27,31,14,7,3,6,7,32,20,35,23,15,13,22,8,30,9,8,16,27,16,34,18,49,9,23,15,11,4,15,4,8,20,11,9,2,6,3,5,4,7,12,8,11,22,7,7,4,15,15,9,15,18,5,16,6,31,20,12,11,12,14,13,14,12,8,7,6,15,,6,5,12,14,6,7,7,11,,4,6,23,9,8,10,14,19,6,7,8,10,9,8,5,8,11,7,,5,5,8,17,8,8,10,9,14,14,14,20,10,7,8,20,8,28,8,16,16,25,9,12,19,20,7,20,56,35,19,33,19,90,69,18,7,9,27,36,,20,11,8,12,9
20210920,5,PM2.5_24h,14,14,11,27,17,5,16,23,20,20,10,10,7,8,20,41,16,16,11,24,34,25,27,14,23,33,26,32,29,32,29,18,29,39,19,20,33,35,26,22,14,27,34,23,26,17,17,30,10,7,7,20,22,8,5,7,6,5,6,9,10,8,21,7,12,10,6,9,6,6,17,17,16,22,23,26,15,14,34,13,36,27,18,15,5,8,7,14,22,9,14,18,10,13,11,6,12,15,8,6,15,13,10,8,10,17,18,11,7,6,17,5,21,8,20,35,25,14,34,18,9,16,11,36,39,29,9,4,6,13,11,6,31,26,21,14,17,19,9,20,7,12,8,19,11,10,11,10,8,10,7,5,7,8,5,6,14,19,17,29,17,8,6,8,10,15,11,,12,13,7,8,10,29,22,25,27,24,35,28,35,33,36,20,34,29,30,39,,22,12,23,7,12,11,11,9,9,26,21,18,18,22,15,10,22,35,28,25,39,21,23,15,13,11,15,11,10,16,25,11,15,15,10,8,13,27,28,22,35,31,27,34,25,23,22,19,32,34,17,28,23,19,14,31,27,37,22,14,22,36,25,34,10,10,5,9,10,6,14,14,30,8,17,35,22,17,30,18,19,6,25,20,10,15,18,11,21,9,19,16,20,18,20,15,18,14,23,18,9,8,10,8,11,12,10,6,7,6,15,,7,7,10,8,7,6,8,9,,4,10,17,8,10,13,7,14,10,7,9,12,9,11,7,10,8,23,,6,7,8,10,6,4,8,11,12,16,7,16,7,11,6,23,8,24,12,16,20,19,7,13,17,14,9,19,26,25,17,26,28,69,53,33,15,12,33,27,,16,37,9,17,6
20210920,5,PM10,4,4,7,14,11,9,16,6,12,9,7,4,5,17,22,68,15,44,20,28,75,41,34,39,15,48,42,51,49,42,49,41,10,59,22,30,42,67,41,21,22,34,51,34,6,48,30,55,5,30,21,5,3,17,14,11,13,10,17,32,25,15,47,18,31,34,29,21,13,15,60,31,41,93,7,4,27,15,34,13,29,24,54,7,2,5,8,6,16,14,7,12,8,21,18,7,20,26,16,17,28,21,50,16,13,24,26,19,7,3,14,14,44,15,22,31,48,13,19,55,42,29,19,64,53,7,24,18,20,34,22,19,21,13,6,5,16,30,16,33,15,25,22,21,17,30,31,20,17,33,23,17,18,22,21,29,40,48,63,222,6,5,,23,15,16,19,,13,10,21,9,15,54,38,34,39,37,57,40,61,54,55,30,65,80,40,44,,11,29,38,19,27,23,19,19,33,91,24,23,36,19,22,26,35,26,29,49,55,48,45,30,42,20,17,16,36,22,50,17,31,18,7,25,14,8,7,12,40,39,44,52,11,9,6,13,15,44,32,50,34,23,27,49,9,51,13,22,35,48,33,52,27,53,4,25,23,21,9,15,5,18,16,13,7,2,7,6,10,19,8,10,11,27,16,11,10,12,53,28,15,49,41,4,31,6,50,42,23,22,26,27,27,28,24,19,15,18,24,,23,11,31,21,13,14,12,18,,13,11,28,13,8,11,16,21,5,15,16,19,23,23,13,18,25,15,,14,13,15,25,17,11,24,36,49,31,18,53,31,17,22,36,20,37,15,26,25,33,24,22,49,40,14,54,197,104,70,83,79,359,205,88,23,15,79,118,,29,43,17,16,19
20210920,5,PM10_24h,16,22,13,37,39,6,20,31,37,28,12,8,10,13,44,79,27,45,32,40,61,40,40,33,44,67,49,54,54,56,51,33,55,69,32,38,55,67,43,36,26,47,68,33,63,35,28,64,12,19,12,36,39,20,14,12,18,12,17,22,22,16,37,18,21,19,22,17,18,14,42,31,43,82,36,35,30,23,55,26,34,39,35,35,5,8,9,14,42,21,22,29,7,25,21,10,24,25,16,20,26,23,31,17,18,31,30,24,12,8,29,10,18,11,54,64,53,30,49,40,27,35,14,60,67,53,12,10,10,18,15,12,44,44,33,32,28,32,22,35,16,25,16,19,13,18,33,19,15,12,16,14,17,18,12,33,44,54,64,104,21,14,10,23,21,26,19,,20,18,17,17,18,50,48,42,52,41,54,48,52,52,63,32,64,66,46,60,,33,25,37,16,23,14,13,17,24,123,37,40,55,38,24,35,40,74,58,56,69,51,41,33,42,27,24,26,31,32,51,21,35,26,14,18,24,55,54,41,65,56,41,65,40,46,50,35,51,51,29,44,36,31,32,54,42,65,38,31,41,63,46,55,14,16,4,13,12,11,22,19,58,17,22,72,30,33,70,37,29,21,39,34,19,27,32,23,34,16,43,33,40,41,35,30,32,30,37,33,20,15,20,18,17,21,21,13,15,14,24,,30,12,15,11,18,10,18,14,,11,11,17,15,13,13,13,17,14,15,11,18,15,24,14,26,22,43,,16,18,20,16,13,11,24,24,38,36,20,54,20,29,35,37,22,36,13,24,31,30,22,27,54,44,20,70,88,89,82,83,111,203,173,101,69,39,82,98,,36,94,17,26,14
20210920,5,SO2,3,5,3,4,4,6,4,4,9,2,4,6,3,5,7,10,6,5,7,6,5,5,6,5,6,9,6,8,7,6,4,4,4,6,7,5,6,22,8,4,5,4,5,6,4,6,4,17,5,4,5,6,5,6,6,5,8,4,5,5,7,9,10,5,11,5,5,10,8,5,14,10,7,10,3,5,14,6,5,5,9,15,20,4,4,5,5,4,7,6,4,5,5,4,4,8,10,10,6,12,7,6,8,6,7,8,6,10,7,4,13,9,4,6,7,5,11,10,9,17,5,4,6,9,12,6,3,7,6,11,5,6,7,8,8,7,2,11,6,16,4,8,13,12,8,5,5,5,5,6,7,3,4,12,5,3,7,9,7,4,8,5,3,5,4,8,8,,6,5,3,4,6,10,10,8,6,8,5,7,11,9,11,7,5,2,6,6,,6,8,13,4,8,6,4,10,10,36,3,3,8,15,2,15,6,10,10,7,10,8,8,17,11,4,7,7,7,8,6,5,8,3,5,8,6,5,4,5,8,8,8,6,7,2,5,2,5,9,6,5,5,9,5,22,8,12,5,17,12,11,6,20,13,5,5,11,7,8,6,8,8,6,7,11,3,5,7,6,5,7,6,9,2,22,10,3,3,3,14,8,6,5,43,6,15,7,39,14,3,6,8,6,9,4,5,7,5,7,11,,8,7,5,10,2,5,6,5,,4,6,24,7,8,5,11,7,6,8,5,6,4,10,9,6,4,9,,7,10,7,5,9,7,85,10,5,11,4,13,9,5,13,4,7,10,6,10,16,8,9,13,7,10,4,7,6,19,12,6,3,5,18,10,11,4,10,14,,12,3,7,6,7
20210920,5,SO2_24h,3,6,3,5,10,4,4,5,12,2,4,8,3,5,8,19,7,6,8,5,5,5,6,6,7,11,5,7,6,7,5,4,6,7,7,4,7,9,7,5,6,4,5,6,6,4,5,13,5,5,4,7,7,6,6,5,6,3,5,6,5,8,7,3,8,5,6,8,8,5,9,15,8,10,12,8,10,7,8,7,11,12,7,5,4,6,6,4,9,6,3,5,5,4,5,7,9,7,5,9,6,7,6,6,7,6,7,10,8,4,11,9,4,8,17,10,15,12,19,16,5,5,5,9,7,9,3,7,5,4,6,6,7,8,10,8,2,10,6,8,4,8,8,14,9,4,6,4,5,6,7,3,4,4,5,4,8,16,7,5,8,5,3,5,5,8,7,,7,5,6,5,6,8,10,8,8,9,6,7,9,7,9,7,7,3,6,6,,7,8,7,5,9,6,5,10,10,34,6,4,7,17,2,13,6,16,15,9,12,9,13,14,14,5,7,7,7,8,7,5,9,8,6,8,6,9,7,6,11,7,8,8,10,4,5,3,6,6,5,6,5,7,5,14,19,45,7,8,10,10,6,16,8,5,5,7,5,8,7,7,14,6,6,12,3,6,12,8,7,7,12,11,4,14,8,4,9,4,11,10,9,5,18,11,10,7,23,11,7,7,7,9,9,4,6,7,5,5,11,,8,8,4,7,2,6,6,5,,4,7,11,7,8,5,10,7,6,8,5,9,4,9,9,7,4,9,,7,9,7,5,8,6,25,9,5,8,4,5,8,6,10,5,7,11,6,9,14,9,8,14,9,9,5,7,11,19,12,8,4,6,8,10,12,4,12,17,,11,8,12,5,7
20210920,5,NO2,10,8,7,16,4,8,11,7,11,12,9,11,6,27,21,36,6,28,19,13,18,14,15,11,8,18,17,19,15,15,11,7,11,28,11,25,12,35,14,8,8,13,22,13,11,26,15,18,12,4,15,12,5,22,15,10,19,12,18,22,18,20,28,16,26,39,21,15,12,13,48,28,20,33,9,9,27,13,15,5,22,15,37,18,9,7,6,16,13,8,3,8,15,7,5,3,17,12,8,11,21,6,24,13,17,12,16,14,8,11,14,12,35,46,6,12,21,13,9,26,27,10,12,21,19,16,11,13,25,14,17,31,12,13,8,11,8,13,7,14,6,21,21,23,18,23,24,11,13,18,17,7,17,13,14,9,12,23,5,35,10,22,4,3,13,5,7,,9,4,7,4,3,19,17,14,14,15,13,16,22,14,21,18,26,42,18,17,,10,10,24,12,33,27,8,21,32,50,10,17,11,34,12,4,4,9,17,24,12,34,16,18,17,14,10,10,23,7,14,8,19,21,8,19,10,4,6,6,15,8,12,10,6,3,8,3,11,16,12,24,16,13,6,15,9,10,5,12,10,6,7,17,17,19,7,26,18,12,8,8,10,11,10,12,7,7,5,5,8,3,6,4,5,11,5,8,6,4,26,11,9,29,18,3,17,7,23,16,17,16,26,23,35,9,22,15,13,21,6,,26,5,28,9,6,8,12,8,,5,6,17,8,7,9,13,9,6,10,12,14,8,9,4,14,16,16,,14,6,10,40,6,15,20,22,28,17,27,19,8,25,22,21,15,39,6,3,7,17,12,5,25,21,16,15,80,51,12,15,8,43,25,10,4,3,41,86,,24,4,11,13,15
20210920,5,NO2_24h,15,21,10,28,25,10,15,18,29,19,17,17,10,22,29,39,21,29,21,17,17,15,13,11,17,25,17,23,21,19,13,8,15,32,16,21,21,25,19,12,13,21,25,9,20,13,13,19,27,8,19,17,10,22,11,10,17,9,14,19,11,17,20,13,24,25,17,15,15,15,43,32,25,37,15,13,24,17,27,16,29,30,15,16,9,18,8,27,16,20,15,17,13,6,16,7,14,9,7,8,11,6,14,10,18,10,10,13,13,15,20,13,25,26,33,25,28,20,28,27,17,15,13,20,20,18,13,15,14,19,22,23,20,14,9,11,13,13,7,12,7,24,23,21,17,17,25,13,12,16,17,11,23,16,19,8,12,28,25,33,18,37,12,5,24,16,12,,17,11,12,13,10,23,22,23,23,21,14,23,16,14,17,15,26,33,19,20,,15,8,13,17,29,22,11,18,24,35,15,23,16,23,11,16,7,28,27,29,22,36,24,19,20,15,10,14,23,12,17,9,21,21,12,17,13,11,14,14,24,20,9,18,12,12,13,9,15,19,8,20,12,12,9,14,17,24,15,11,8,16,11,16,17,20,10,21,15,13,16,10,18,14,14,18,12,11,16,9,11,6,12,12,8,10,8,10,13,7,24,12,16,17,13,9,13,14,11,14,18,12,22,21,24,11,24,17,15,17,7,,27,7,17,6,11,11,12,13,,5,8,10,7,8,10,11,7,8,9,11,15,10,11,5,19,13,20,,12,7,12,27,11,11,23,17,28,24,29,19,10,27,23,18,15,33,8,4,18,14,12,9,21,19,19,27,40,35,27,26,13,39,33,44,13,15,46,37,,27,23,10,18,13
20210920,5,O3,65,79,77,78,91,82,75,79,70,80,70,75,85,26,46,8,102,6,23,76,58,67,67,92,47,60,60,67,64,62,46,89,29,36,78,24,83,25,77,48,80,63,37,44,39,19,50,42,35,86,43,61,79,11,8,12,7,5,6,16,17,6,14,6,17,14,8,41,61,50,18,23,41,82,68,76,52,72,53,60,40,60,22,22,65,62,68,42,43,84,97,46,29,119,91,91,22,52,18,9,26,46,10,6,6,34,34,4,46,75,49,52,7,19,51,40,7,41,59,4,8,22,32,23,22,39,36,64,22,50,32,13,27,35,73,60,29,46,22,44,18,22,16,10,12,23,38,50,16,18,35,39,12,42,62,87,89,23,95,45,91,24,81,118,87,74,81,,72,92,83,90,84,69,78,80,71,79,51,81,41,58,56,70,47,11,43,47,,51,27,27,65,20,25,54,34,6,12,41,10,66,50,8,72,105,42,32,11,38,10,5,4,7,21,28,7,5,16,13,8,5,11,55,5,15,51,49,50,32,60,27,47,54,49,62,70,42,80,39,5,24,39,26,50,49,49,56,40,52,56,45,47,33,21,82,16,27,32,69,48,68,19,36,63,32,55,71,49,33,22,61,57,64,99,50,44,73,20,5,26,32,7,10,56,19,46,24,3,20,16,23,10,14,38,16,25,24,27,11,,21,43,23,23,11,21,27,21,,19,6,21,34,17,7,34,35,54,5,16,5,11,33,39,55,39,36,,55,40,32,21,12,33,55,14,46,56,40,80,63,15,24,13,21,8,72,56,68,38,44,81,19,32,61,75,13,34,55,43,79,15,43,68,44,62,57,6,,52,58,4,73,29
20210920,5,O3_24h,77,83,93,87,104,97,92,96,79,85,91,86,92,90,91,122,104,121,50,162,216,186,220,128,158,246,219,212,228,238,173,135,188,221,150,150,179,270,203,144,143,168,168,152,158,122,156,168,90,111,83,144,119,135,65,35,123,51,91,120,84,134,94,68,101,126,71,58,113,108,104,101,105,161,115,133,107,112,131,83,148,106,160,138,99,74,97,65,158,102,97,78,103,130,97,110,112,114,68,61,109,100,76,58,180,123,130,87,48,75,95,96,77,98,86,95,116,78,97,128,63,97,73,193,195,170,75,89,83,79,76,69,54,85,135,77,70,84,97,97,59,171,113,77,95,121,157,103,73,70,100,106,98,124,107,111,118,112,118,123,91,72,84,127,98,84,94,,108,100,99,90,116,198,192,230,209,209,216,241,226,224,224,179,128,138,144,193,,79,67,153,96,89,97,75,86,95,119,126,78,128,106,71,91,125,154,95,146,98,136,110,84,100,74,71,106,64,66,51,65,54,42,72,59,65,179,193,141,163,150,130,197,160,169,144,135,158,180,138,153,117,98,124,122,141,121,118,100,125,171,117,148,84,88,83,76,81,74,71,72,182,64,68,201,81,135,210,122,103,71,125,82,120,121,91,69,82,62,113,79,93,116,91,105,99,66,100,91,97,109,118,124,115,100,84,124,98,114,109,,103,92,65,74,53,85,67,58,,53,55,94,90,39,46,46,43,63,81,76,40,58,104,104,116,126,124,,126,111,125,92,86,102,92,121,108,119,107,122,101,123,107,108,115,110,120,123,116,119,116,119,107,102,108,132,107,158,113,110,105,106,120,140,77,103,145,158,,112,154,48,92,91
20210920,5,O3_8h,60,74,81,79,95,87,82,79,66,69,75,72,89,35,40,26,93,12,24,84,100,75,78,109,41,83,71,78,83,67,74,102,64,35,86,38,89,42,81,63,86,62,46,59,35,31,55,46,35,87,35,65,71,11,14,17,9,6,7,21,33,8,18,9,17,17,10,40,67,51,14,25,45,63,66,65,58,83,44,71,48,54,30,71,70,55,70,43,37,83,88,42,25,124,91,84,33,66,18,14,41,46,23,7,5,41,49,7,35,70,59,61,19,38,55,44,6,37,58,6,8,21,32,67,97,42,37,71,34,40,27,29,26,46,71,67,28,51,27,51,20,32,10,12,16,31,56,67,13,19,38,33,8,51,68,95,85,22,82,34,84,34,82,110,91,74,78,,71,88,86,88,87,78,86,87,78,89,77,94,59,76,72,80,54,22,65,41,,59,40,48,71,30,30,56,44,7,19,47,11,61,80,7,74,105,30,25,13,49,8,5,5,9,30,31,8,4,18,13,7,5,11,59,16,13,47,47,47,54,70,23,88,52,45,55,61,66,83,44,11,39,61,36,67,50,44,36,42,54,48,52,46,38,32,78,25,32,29,62,51,63,18,36,58,43,64,66,54,38,24,53,45,68,106,56,38,59,23,6,35,22,10,14,58,29,50,38,7,20,32,19,5,12,41,19,26,34,14,16,,12,47,22,36,15,17,25,23,,25,8,34,39,20,7,31,31,55,7,21,6,11,29,43,58,42,35,,61,45,37,39,10,45,46,16,38,50,38,80,66,12,20,24,18,7,69,64,61,48,43,89,27,42,72,72,12,60,58,26,74,8,17,57,37,77,58,23,,47,51,6,68,33
20210920,5,O3_8h_24h,60,75,83,82,98,91,89,80,72,69,82,74,91,47,42,43,93,22,26,91,131,85,88,121,41,113,85,93,107,72,95,111,138,40,93,50,96,56,83,76,89,62,51,77,35,39,58,53,41,88,37,72,71,13,22,24,11,11,9,27,47,11,27,11,21,24,13,42,77,52,17,27,51,67,66,65,71,90,44,81,63,58,37,88,77,56,75,50,39,83,88,42,45,128,91,84,44,76,19,19,52,46,33,10,5,45,65,11,36,70,72,69,26,62,59,47,9,43,63,8,14,22,34,108,146,55,39,80,46,40,29,36,26,54,71,72,33,54,33,57,22,48,13,14,28,55,71,87,14,26,45,33,8,56,73,103,85,33,83,39,84,43,82,110,93,76,78,,73,88,89,88,88,84,93,97,85,99,113,108,82,96,97,99,65,45,77,41,,72,63,72,77,37,40,57,54,12,22,54,12,61,105,10,75,105,30,27,22,69,8,6,6,11,40,33,9,5,21,13,8,5,11,62,27,13,47,48,47,93,78,32,142,52,45,55,61,95,85,48,19,58,77,49,79,74,48,36,47,58,50,60,49,53,43,78,35,43,30,62,54,63,18,42,58,57,66,66,55,45,27,56,46,70,110,64,38,59,27,10,46,24,14,18,60,40,54,49,11,23,40,26,6,13,42,24,28,42,15,24,,12,57,29,44,16,17,25,25,,31,12,42,42,23,7,31,33,62,8,32,8,13,31,49,72,59,38,,69,51,40,70,12,60,46,19,38,50,42,81,78,12,20,33,18,7,69,69,64,65,45,93,41,46,76,78,41,68,61,26,74,9,25,57,37,84,72,55,,47,52,7,69,38
20210920,5,CO,0.52,0.89,0.43,1.02,0.30,0.80,0.36,0.20,0.50,0.38,0.73,0.90,0.48,0.39,0.50,1.53,0.55,0.39,0.58,0.61,0.91,0.57,0.47,0.67,0.65,0.47,0.58,0.72,0.77,0.57,0.52,0.67,0.75,0.65,0.57,0.48,0.56,0.77,0.63,0.40,0.50,0.53,0.60,0.37,0.82,0.68,0.34,0.50,0.63,0.33,0.70,0.88,0.73,0.64,0.50,0.52,0.49,0.50,0.42,0.53,0.54,0.44,0.67,0.48,0.71,0.75,0.51,0.53,0.30,0.34,1.27,0.90,0.52,0.60,0.75,0.70,0.71,0.52,0.90,0.40,1.57,0.90,0.57,0.79,1.02,0.75,0.62,0.83,0.47,0.11,0.37,0.70,0.77,0.50,0.30,0.47,0.50,0.59,0.40,0.54,0.53,0.57,0.75,0.47,0.45,0.70,0.70,0.50,0.43,0.53,0.69,0.67,1.46,0.65,0.22,0.65,0.82,0.52,1.08,0.95,0.58,0.22,0.38,0.70,1.05,0.60,0.77,1.14,0.93,0.75,0.74,0.60,0.73,0.73,1.02,0.93,0.57,0.54,0.55,0.79,0.30,0.55,0.66,0.96,0.65,0.60,0.60,0.40,0.43,0.88,0.43,0.33,0.43,0.37,0.37,0.40,0.37,0.57,0.32,0.33,0.40,0.60,0.50,0.45,0.25,0.35,0.25,,0.35,0.65,0.50,0.30,0.50,0.50,0.70,0.70,0.45,0.80,0.85,0.80,0.80,0.90,0.70,0.45,0.70,0.80,0.50,0.65,,0.73,0.95,0.50,0.58,0.48,0.72,0.56,0.60,0.40,1.67,0.20,0.20,0.50,0.33,0.27,0.20,0.25,0.54,0.65,0.70,0.67,0.43,1.10,1.65,0.75,0.45,0.45,0.37,0.40,0.80,1.03,0.78,0.47,1.03,0.55,0.15,0.40,0.58,0.65,0.68,0.73,0.47,0.43,0.63,0.92,0.40,0.93,0.77,0.75,0.50,0.53,1.27,0.47,0.37,0.55,0.48,0.82,0.43,0.38,0.88,0.57,0.68,0.47,0.50,1.00,1.00,0.50,1.17,1.02,0.90,0.65,0.83,1.18,0.67,0.88,1.17,0.76,1.20,0.80,0.50,0.80,0.77,0.80,0.35,1.00,0.40,0.50,0.88,0.73,0.55,0.75,0.60,0.57,0.68,0.65,0.50,0.60,0.45,0.73,0.45,0.50,0.37,0.55,0.72,0.53,0.45,0.38,0.37,0.37,0.57,0.25,,0.15,0.53,0.83,0.43,0.55,0.33,0.55,0.45,,0.55,0.70,0.75,0.60,0.35,0.70,0.75,0.73,0.30,0.35,0.55,0.65,0.90,0.55,0.35,0.40,0.50,1.15,,0.35,0.45,0.50,0.57,0.55,0.35,0.70,0.45,0.20,0.20,0.10,0.55,0.50,0.30,0.20,0.40,0.25,0.40,0.30,0.70,0.50,0.50,0.40,0.30,0.27,0.45,0.40,0.45,0.30,1.25,0.15,0.30,0.20,0.67,0.30,0.43,0.30,0.40,0.65,0.50,,0.50,0.70,0.55,0.43,0.37
20210920,5,CO_24h,0.60,1.03,0.35,0.97,0.56,0.63,0.40,0.34,0.68,0.65,0.47,0.73,0.42,0.51,0.63,1.60,0.66,0.50,0.58,0.59,0.72,0.56,0.50,0.56,0.65,0.48,0.56,0.70,0.80,0.77,0.45,0.57,0.73,0.68,0.60,0.48,0.66,0.63,0.68,0.47,0.57,0.63,0.63,0.43,0.69,0.67,0.40,0.61,0.69,0.34,0.81,0.81,0.64,0.63,0.49,0.50,0.47,0.43,0.37,0.50,0.50,0.48,0.65,0.48,0.67,0.62,0.52,0.45,0.30,0.46,0.57,1.03,0.57,0.55,0.82,0.65,0.69,0.56,1.28,0.55,1.00,0.90,0.55,0.49,0.60,0.68,0.62,0.73,0.38,0.21,0.47,0.73,0.63,0.42,0.36,0.47,0.56,0.57,0.43,0.56,0.53,0.50,0.70,0.50,0.53,0.70,0.66,0.60,0.60,0.55,0.58,0.80,0.96,0.67,0.52,1.50,0.94,0.87,0.96,0.83,0.46,0.33,0.38,0.68,0.85,0.57,0.74,1.02,0.83,0.75,0.78,0.73,0.75,0.80,0.92,0.78,0.57,0.56,0.60,0.74,0.30,0.68,0.70,0.92,0.68,0.47,0.55,0.52,0.45,0.53,0.50,0.43,0.53,0.34,0.67,0.40,0.40,0.78,0.48,0.43,0.50,0.70,0.60,0.45,0.35,0.55,0.40,,0.45,0.85,0.50,0.40,0.60,0.45,0.65,0.73,0.50,0.70,0.85,0.80,0.80,0.65,0.75,0.50,0.70,0.70,0.60,0.70,,0.67,0.90,0.47,1.00,0.60,0.53,0.86,0.67,0.50,0.97,0.13,0.40,0.40,0.45,0.33,0.20,0.30,0.84,1.33,0.75,0.75,0.53,0.95,1.05,0.70,0.45,0.40,0.43,0.30,0.60,0.80,0.67,0.63,0.60,0.40,0.20,0.40,0.65,0.63,0.68,1.03,0.60,0.47,0.60,0.84,0.47,0.83,0.70,0.77,0.55,0.47,0.90,0.50,0.43,0.60,0.55,0.92,1.27,0.57,0.84,0.60,0.75,0.57,0.55,1.40,0.95,0.53,0.98,0.92,0.80,0.75,0.73,1.22,0.93,0.85,1.10,0.76,1.20,0.83,0.43,0.87,0.80,0.68,0.40,0.78,0.43,0.52,0.88,0.68,0.55,0.78,0.60,0.73,0.58,0.60,0.63,0.67,0.45,0.67,0.45,0.63,0.37,0.50,0.65,0.50,0.47,0.63,0.43,0.53,0.60,0.30,,0.25,0.58,0.58,0.30,0.60,0.43,0.50,0.50,,0.55,0.75,0.55,0.55,0.40,0.60,0.65,0.40,0.35,0.40,0.55,0.65,0.90,0.60,0.45,0.40,0.50,0.85,,0.35,0.40,0.53,0.43,0.65,0.55,0.50,0.45,0.30,0.25,0.15,0.30,0.55,0.35,0.30,0.30,0.25,0.50,0.30,0.60,0.60,0.50,0.50,0.30,0.27,0.40,0.43,0.50,0.50,1.05,0.25,0.55,0.20,0.83,0.50,0.87,0.40,0.40,0.75,0.30,,0.45,0.80,0.50,0.65,0.40
20210920,6,AQI,21,25,23,26,28,26,23,24,21,26,23,25,25,18,20,57,34,41,21,30,59,41,34,26,16,51,41,52,52,42,23,40,10,53,22,32,41,62,41,20,23,37,52,32,13,49,35,42,12,28,21,18,23,19,16,17,15,15,17,35,26,17,46,17,31,33,30,21,18,17,60,31,37,71,22,26,28,24,20,17,46,20,52,20,21,19,16,12,18,26,30,15,14,34,28,29,19,34,12,16,30,23,33,11,14,23,31,20,15,24,15,17,58,21,17,27,40,17,22,53,40,30,21,44,33,14,27,20,21,27,22,21,25,13,18,19,17,29,17,29,14,27,20,21,16,33,32,18,17,47,24,22,18,23,17,27,38,47,58,82,32,11,25,39,28,22,27,,23,29,27,28,26,51,36,34,41,37,61,42,61,54,53,29,57,58,41,46,,16,23,49,20,30,29,23,15,37,71,26,20,41,22,22,28,32,28,32,42,59,46,41,31,38,20,27,18,47,23,52,17,29,31,16,31,21,16,16,17,20,16,45,36,20,18,21,23,13,48,37,48,34,29,29,55,15,41,17,23,37,40,30,46,27,68,26,30,25,25,23,20,22,17,36,19,16,17,22,15,12,21,20,17,19,29,26,14,23,15,52,33,12,50,37,18,32,13,64,40,20,22,31,27,28,29,24,17,15,15,21,,16,11,28,24,16,18,14,18,,16,11,34,14,11,12,19,29,15,15,14,20,11,18,12,17,19,25,,19,13,18,23,15,14,27,29,43,30,16,60,28,15,26,52,17,41,21,116,29,37,23,26,41,43,16,52,106,85,58,58,65,124,103,65,31,21,66,88,,31,20,20,26,24
20210920,6,PM2.5,4,2,7,10,5,4,12,10,15,8,7,6,4,10,13,37,5,14,9,21,40,27,24,18,10,33,27,36,29,25,11,26,6,36,13,17,26,43,27,11,11,25,32,21,4,23,24,15,5,7,13,5,5,8,6,12,6,4,5,15,13,6,24,7,15,19,8,12,5,8,18,18,16,27,4,7,16,14,13,6,32,14,27,14,3,2,8,8,12,3,3,3,10,21,9,4,9,24,8,6,17,16,12,8,5,14,22,10,5,1,10,12,41,13,9,10,18,9,12,25,18,17,11,19,23,5,19,8,14,15,13,10,16,7,8,1,12,18,4,19,7,9,10,14,10,17,14,11,9,27,11,10,9,7,8,7,15,18,16,27,5,2,,17,10,8,8,,6,4,4,8,6,32,23,24,23,21,44,26,44,37,35,17,35,32,28,32,,8,10,34,11,17,20,16,8,9,31,18,11,20,14,13,12,17,18,14,21,42,20,25,16,16,10,19,10,14,16,27,12,14,22,8,13,15,5,7,12,6,3,28,18,14,8,3,6,3,32,26,33,24,14,14,21,4,23,8,10,18,21,16,30,19,49,9,21,15,14,4,14,4,7,25,12,11,3,6,4,7,6,5,10,6,12,18,10,5,5,16,15,7,14,16,5,16,5,46,16,13,12,17,13,13,17,9,8,8,7,10,,6,5,16,13,5,7,5,12,,4,5,24,8,8,8,13,20,7,6,8,9,8,8,7,8,9,9,,3,7,8,16,8,8,13,9,13,15,9,23,9,5,8,25,10,29,6,88,12,26,9,15,18,22,8,19,48,37,17,29,18,63,64,19,7,7,30,37,,19,14,7,9,10
20210920,6,PM2.5_24h,14,13,10,25,16,5,16,23,20,19,10,10,6,8,19,41,15,16,11,24,35,25,27,15,22,33,27,32,30,32,29,18,29,39,19,19,32,36,26,21,13,27,34,23,25,17,17,28,9,7,8,19,20,8,5,7,6,5,6,9,10,7,21,7,12,10,6,9,6,7,17,17,16,23,21,24,15,14,32,12,35,26,18,14,4,8,7,13,22,8,14,18,10,12,10,6,11,16,8,6,15,13,11,7,9,17,18,11,7,5,16,6,22,8,20,34,25,13,33,19,10,17,12,36,39,28,10,4,6,13,11,6,29,25,20,11,16,19,9,20,7,12,8,20,11,10,11,11,9,11,7,6,7,8,5,6,14,19,18,29,15,8,5,7,10,14,10,,11,12,7,8,9,29,22,25,27,24,36,28,35,33,37,20,35,29,29,39,,21,11,23,7,13,12,12,9,9,26,21,17,18,21,15,10,22,35,28,26,40,21,23,15,13,11,15,11,10,16,25,10,15,16,9,8,13,26,27,22,33,29,27,34,24,22,21,18,30,34,17,29,23,18,14,30,25,36,21,14,21,34,24,33,10,12,6,10,9,6,13,13,29,8,15,34,20,15,29,16,18,5,24,19,9,14,19,11,21,8,19,16,19,18,20,14,18,14,24,18,10,8,10,9,11,12,10,7,7,7,15,,7,7,10,8,7,6,8,9,,4,10,17,8,10,12,7,15,10,7,9,12,8,11,7,10,8,23,,6,7,8,10,6,4,8,11,12,16,8,17,7,11,6,24,9,24,12,20,20,19,8,13,17,14,9,19,27,26,17,26,28,69,54,33,15,12,34,28,,17,35,8,16,6
20210920,6,PM10,4,3,7,11,10,6,13,5,13,19,6,6,5,18,20,63,16,41,21,29,68,41,33,26,13,51,41,54,53,42,23,40,8,56,22,32,41,73,41,20,22,37,54,32,4,49,35,42,5,28,21,5,3,19,16,10,15,15,17,35,26,17,46,17,31,33,30,21,13,17,69,31,37,92,6,4,28,24,17,13,30,13,53,9,2,9,10,7,18,15,5,8,11,24,22,6,19,25,12,16,30,21,33,11,14,23,26,20,10,3,15,17,55,19,17,27,40,17,9,56,40,30,21,44,31,8,25,17,21,27,22,21,25,13,6,6,15,29,17,29,14,27,20,21,16,33,32,18,17,47,24,22,18,23,13,27,38,47,65,113,5,5,,31,14,13,13,,15,6,23,17,23,52,36,34,41,37,55,42,62,57,56,29,64,65,41,42,,12,23,46,16,30,27,22,15,37,91,23,20,41,22,22,28,32,28,32,42,42,46,41,31,38,20,18,18,47,22,53,15,29,22,8,31,13,6,14,15,20,15,45,36,11,18,4,12,7,48,34,48,32,29,29,59,5,41,16,23,37,40,30,46,23,57,4,26,25,25,6,17,6,17,18,17,10,4,7,4,12,21,8,8,12,29,12,13,8,15,54,33,12,50,37,5,32,9,78,40,20,22,31,27,28,29,24,17,15,15,21,,16,10,28,24,16,18,14,18,,16,11,28,14,4,12,17,19,10,15,14,20,10,18,12,11,19,25,,9,13,18,23,15,14,27,29,43,30,16,69,28,15,26,54,17,37,10,26,29,32,23,22,41,43,15,53,162,119,66,65,80,198,155,79,31,12,81,125,,31,19,20,17,24
20210920,6,PM10_24h,15,21,13,34,38,6,20,30,37,28,12,8,10,14,43,79,26,45,30,40,62,41,40,33,43,67,50,54,54,56,52,34,54,69,31,38,54,68,43,35,26,45,67,34,61,36,28,62,12,19,13,33,37,20,15,12,19,13,16,23,22,15,37,18,22,20,22,18,18,14,44,31,43,83,35,32,30,24,52,25,34,37,36,33,4,8,8,13,40,20,21,28,7,24,21,10,24,25,15,20,26,23,32,16,17,32,30,24,12,7,27,10,20,11,53,62,53,29,47,41,28,35,15,60,66,50,13,10,10,19,16,13,42,41,31,27,27,32,22,35,16,25,16,20,14,19,33,19,15,14,16,14,18,18,13,31,44,53,65,101,19,13,10,22,19,24,18,,20,18,17,16,18,50,47,42,52,41,55,48,53,52,63,33,64,67,45,59,,31,24,38,16,23,15,14,17,25,117,37,40,55,37,24,35,39,73,57,57,68,52,41,33,42,27,24,26,32,31,51,20,34,25,14,19,24,53,52,40,63,53,42,65,38,44,47,34,49,52,29,45,36,31,32,55,39,64,36,31,41,62,44,54,14,18,4,14,12,11,21,17,56,16,20,69,28,31,68,35,26,20,38,32,18,27,32,21,33,15,43,33,39,43,35,28,32,29,39,34,20,15,21,19,18,22,21,14,15,14,24,,30,12,16,12,18,10,18,14,,11,11,17,15,13,13,14,17,13,15,11,18,15,25,14,26,22,43,,16,18,20,16,13,12,24,25,38,36,20,54,21,29,35,38,22,36,14,24,31,30,22,27,53,44,20,71,89,90,82,82,110,203,174,101,68,40,83,99,,36,90,17,26,14
20210920,6,SO2,3,6,4,4,4,6,4,4,9,2,4,6,3,5,7,11,6,5,7,6,4,6,6,5,6,9,6,9,7,6,4,4,4,6,7,5,6,17,8,4,5,4,5,6,4,6,5,7,5,4,5,6,5,6,6,4,7,3,5,6,8,8,10,4,11,5,5,9,8,6,13,10,7,10,4,4,14,6,4,5,9,23,18,4,5,6,6,5,7,5,4,5,5,4,4,8,9,10,10,21,11,6,6,6,7,6,7,11,7,4,13,10,3,6,7,6,11,9,9,17,5,4,5,8,11,7,3,5,5,7,4,4,6,8,9,6,2,11,6,13,4,8,12,12,7,7,6,3,5,6,7,3,4,15,5,3,7,8,7,4,8,5,3,5,4,8,8,,6,5,4,4,6,11,10,8,6,8,5,7,14,11,11,7,5,2,6,6,,6,8,14,5,8,6,4,10,10,26,2,3,15,15,2,14,6,14,15,9,11,8,8,19,12,4,7,7,7,8,8,8,8,4,5,19,6,5,5,5,9,9,8,7,6,2,5,2,5,6,5,5,4,9,5,8,6,8,5,18,12,7,7,18,11,5,5,10,6,8,7,7,8,7,7,11,2,5,7,7,6,7,8,7,2,27,7,3,3,3,29,10,9,5,30,5,16,7,93,12,3,6,7,6,9,4,5,6,5,5,11,,8,7,5,8,2,5,8,5,,4,6,32,7,8,7,27,18,6,8,7,4,4,9,8,7,5,9,,8,10,7,6,9,8,57,11,5,13,4,24,9,5,13,4,6,10,5,8,15,8,9,12,10,9,5,6,5,18,11,6,3,5,15,10,12,4,10,14,,13,3,53,6,7
20210920,6,SO2_24h,3,6,3,5,10,4,4,5,12,2,4,7,3,5,8,19,7,6,7,6,5,5,6,6,7,11,5,7,6,7,5,4,6,7,7,4,7,10,7,5,6,4,5,6,6,5,5,13,5,5,4,7,7,6,6,5,6,3,5,6,6,8,7,3,8,5,5,8,8,5,10,15,8,10,11,7,10,7,8,7,11,13,8,5,4,6,6,4,9,6,3,5,5,4,4,7,9,7,5,10,6,7,6,6,7,6,6,11,8,4,11,9,4,7,17,9,15,12,18,17,5,4,5,9,7,9,3,7,5,5,6,6,7,8,9,8,2,11,6,8,4,8,8,14,9,4,6,4,5,6,7,3,4,5,5,4,8,16,7,5,8,5,3,5,5,8,7,,7,5,5,5,6,8,10,8,8,9,6,7,9,7,9,7,7,3,6,6,,7,8,7,5,9,6,4,10,10,34,6,4,8,17,2,14,6,16,15,9,12,10,13,14,14,5,7,7,7,8,7,5,9,8,5,8,6,8,7,6,11,8,8,8,10,4,5,3,6,6,5,6,5,7,5,14,18,45,7,9,10,10,6,15,8,5,5,7,5,8,7,7,14,6,6,11,2,6,12,8,6,7,12,10,4,15,7,4,9,4,12,10,9,5,18,11,11,7,26,11,6,7,7,10,9,4,6,7,5,5,11,,8,8,4,7,2,6,6,5,,4,7,12,7,8,5,10,8,6,8,5,9,4,9,9,7,4,9,,7,9,7,5,9,6,27,10,5,8,4,6,8,6,11,5,7,11,6,9,14,9,8,14,9,9,5,7,11,19,11,8,4,6,9,11,12,4,12,17,,11,8,14,5,7
20210920,6,NO2,9,8,9,13,4,7,11,8,16,12,8,10,6,33,22,36,6,28,22,15,15,17,15,11,9,20,18,21,16,15,12,8,11,26,13,29,14,43,17,10,9,22,20,14,11,26,16,9,10,4,14,13,7,22,17,11,21,14,18,24,17,20,27,17,26,36,20,12,12,13,49,25,18,33,10,8,29,13,12,7,21,14,38,15,9,8,9,16,12,8,3,8,13,6,5,3,20,12,11,12,21,7,18,15,19,10,20,13,9,11,16,14,33,42,7,16,19,15,8,23,26,12,14,19,20,17,13,12,28,12,17,34,16,10,13,8,8,13,8,14,6,23,18,23,19,21,31,14,13,16,20,8,15,17,18,11,7,22,4,29,9,22,4,2,14,6,6,,9,4,6,4,3,22,18,12,14,17,15,19,26,17,28,18,24,32,23,17,,9,8,28,13,35,30,9,24,31,46,12,18,28,38,12,4,6,11,21,22,8,34,15,20,16,15,13,11,23,9,16,10,18,19,12,18,10,4,6,8,16,8,12,9,7,3,9,3,11,19,12,23,18,16,8,10,7,6,5,13,10,11,9,21,18,19,7,20,15,11,8,6,10,12,9,12,7,8,6,6,8,3,7,4,5,13,5,8,5,4,22,9,12,28,17,4,18,7,22,13,21,17,23,25,38,12,22,12,14,15,5,,21,8,27,12,8,9,16,9,,5,6,17,8,9,10,14,7,7,9,12,13,7,10,3,15,15,15,,8,6,11,35,7,11,20,19,36,16,25,27,8,21,18,19,12,39,7,3,14,18,13,5,23,29,21,15,62,63,12,12,7,41,16,10,4,2,28,61,,24,3,9,11,19
20210920,6,NO2_24h,15,20,10,27,23,10,15,17,29,19,17,17,10,23,28,39,20,29,20,16,17,15,13,10,17,24,17,23,20,19,13,8,15,31,16,21,20,25,18,11,13,20,25,10,20,13,13,17,27,8,19,16,10,21,12,10,16,10,14,19,11,17,20,14,25,26,18,15,15,15,44,32,25,36,14,13,25,17,26,15,27,29,16,15,9,18,8,27,16,19,14,17,14,6,15,7,14,9,7,9,12,6,14,10,18,10,9,13,13,15,19,14,26,27,32,25,28,20,26,27,18,15,13,21,19,17,13,15,15,19,22,24,20,13,9,10,12,12,7,11,7,24,23,21,17,18,25,13,12,16,17,10,23,16,20,8,12,28,25,32,17,37,12,4,23,16,12,,17,11,12,13,9,22,21,23,23,20,14,23,16,14,17,15,25,32,18,20,,14,8,14,17,30,23,11,18,25,36,14,23,16,23,12,16,7,28,27,29,21,35,24,19,20,15,10,14,23,12,17,9,21,21,12,17,13,10,13,14,24,20,10,17,11,11,13,9,15,19,8,20,12,12,9,14,16,22,14,11,8,16,11,16,17,20,10,21,15,13,16,10,18,14,13,17,11,10,15,8,11,5,12,11,7,10,8,10,13,7,24,12,15,18,13,8,13,13,12,14,18,13,23,21,25,12,25,17,15,18,7,,27,8,18,6,11,11,13,14,,5,8,11,7,8,10,11,7,8,9,12,15,10,11,5,19,14,20,,12,7,12,27,11,11,23,17,29,24,28,19,10,27,23,18,15,33,8,4,18,14,12,9,20,20,18,27,41,37,27,26,13,39,32,42,13,15,47,38,,28,22,10,18,13
20210920,6,O3,68,81,74,84,90,83,72,76,63,82,74,79,81,17,47,5,108,4,18,71,33,60,62,78,50,53,58,60,55,56,28,79,32,38,69,16,76,14,70,42,73,51,33,33,42,20,43,46,38,91,48,58,75,10,6,8,5,4,6,13,17,5,13,9,15,14,9,45,57,47,15,19,45,78,69,82,47,63,64,54,45,65,17,26,67,60,52,37,45,83,97,48,32,108,90,93,14,52,15,8,21,38,14,5,4,31,29,3,48,77,42,46,6,22,49,41,7,38,69,4,10,19,24,29,26,45,35,63,16,53,29,5,20,37,59,60,29,44,18,41,19,18,21,8,8,33,26,44,20,34,30,37,13,33,55,85,96,15,92,55,102,23,79,124,89,71,85,,74,93,86,89,82,61,74,82,74,74,45,74,33,49,46,66,41,25,34,45,,50,33,23,64,18,14,50,32,6,8,38,8,44,31,5,69,97,41,32,11,49,8,5,4,9,18,22,6,5,16,12,7,5,12,51,6,13,51,51,49,33,50,32,44,49,50,66,73,43,47,37,5,15,28,23,42,49,51,55,38,53,41,39,38,26,18,83,21,31,35,74,47,70,19,35,62,36,55,69,47,29,22,64,55,60,81,55,41,75,19,5,22,22,8,10,56,15,42,19,2,10,11,32,4,6,31,15,27,20,27,10,,22,34,19,11,10,12,20,18,,14,7,22,37,15,7,34,40,47,5,18,5,12,30,37,53,40,38,,62,36,34,26,10,33,53,15,39,58,39,70,63,17,24,14,19,6,66,55,59,40,42,82,20,17,51,72,29,24,55,51,83,21,59,66,41,66,68,31,,53,59,3,84,23
20210920,6,O3_24h,78,85,93,88,104,96,92,96,79,85,91,86,92,90,91,122,108,121,50,162,216,186,220,128,158,247,219,212,228,238,173,135,188,221,150,150,179,270,203,144,143,168,168,152,158,122,156,168,84,111,81,144,119,135,65,35,123,51,91,120,84,134,94,60,101,126,71,58,113,108,104,101,105,161,115,133,107,112,131,83,148,106,160,138,99,69,97,63,158,99,98,78,99,130,97,110,112,114,51,58,109,100,76,58,180,123,130,87,50,77,95,96,77,98,86,95,116,78,97,128,63,97,73,193,195,170,74,89,83,78,76,69,54,85,135,77,70,84,97,97,59,171,113,77,95,121,157,103,73,70,100,106,98,124,107,111,118,112,118,123,102,72,84,127,98,84,86,,91,93,99,90,116,198,192,230,209,209,216,241,226,224,224,179,128,138,144,193,,79,67,153,96,89,97,75,86,95,119,126,78,128,106,71,91,125,154,95,146,98,136,110,84,100,74,71,106,64,66,51,65,54,42,72,59,65,179,193,141,163,150,130,197,160,169,144,135,158,180,138,153,117,98,124,122,141,121,118,100,125,171,117,148,84,85,84,76,81,74,74,72,182,64,68,201,81,135,210,122,103,71,125,82,120,121,91,68,82,62,113,79,93,116,91,105,99,66,100,91,97,109,118,124,115,100,84,124,98,114,109,,103,92,65,74,53,85,67,56,,53,55,94,90,39,46,46,45,63,81,76,40,58,104,104,116,126,124,,126,111,125,92,86,102,92,121,108,119,107,122,101,123,107,108,115,110,120,123,116,119,116,119,107,102,108,132,107,158,113,110,105,106,120,140,77,103,145,158,,112,154,48,91,91
20210920,6,O3_8h,61,75,79,80,94,86,81,79,65,72,74,73,88,32,41,22,95,11,24,82,89,73,76,104,43,78,69,75,79,65,66,98,59,35,83,35,87,37,79,60,84,60,44,55,36,29,53,46,35,88,37,63,72,10,12,15,8,6,7,20,30,8,17,9,16,17,9,41,65,50,14,24,45,66,66,68,56,79,47,68,48,56,28,63,70,56,67,42,38,83,89,43,27,121,91,85,30,64,17,13,37,44,21,6,5,39,46,6,37,71,57,59,17,35,54,43,7,38,60,5,8,21,31,61,85,42,37,69,31,42,27,25,25,45,69,66,28,50,26,50,20,30,12,11,15,31,51,63,14,21,37,34,8,48,65,94,87,22,84,38,87,32,81,112,91,73,79,,72,89,86,88,86,75,84,86,78,87,71,91,54,72,68,78,52,22,60,42,,58,39,44,70,28,28,55,42,5,17,45,10,57,72,7,73,104,32,26,13,49,8,5,5,9,28,29,7,4,18,13,6,5,12,58,14,13,48,48,47,51,67,25,80,52,46,57,63,62,77,43,10,35,56,35,63,50,46,39,41,54,47,50,45,36,30,79,24,32,30,63,50,64,18,36,58,42,62,66,52,36,24,54,47,67,102,56,38,61,22,5,32,22,10,13,57,27,49,34,7,18,29,21,5,10,40,18,26,32,16,15,,14,45,21,32,14,16,24,22,,23,8,32,39,19,7,31,33,54,7,21,6,11,30,42,57,42,35,,61,44,36,37,10,43,47,16,38,51,38,78,65,13,21,22,18,7,69,62,61,47,43,88,26,38,68,72,14,54,57,30,75,11,24,58,38,75,60,24,,48,53,5,71,31
20210920,6,O3_8h_24h,61,76,83,82,98,91,89,80,72,72,82,74,91,47,43,43,95,22,26,91,131,85,88,121,43,114,85,93,107,72,95,111,138,41,93,50,96,56,83,76,89,62,51,77,36,39,58,53,42,89,39,72,72,13,22,24,11,11,9,27,47,11,27,11,21,24,13,42,77,52,17,27,51,70,66,68,71,90,48,81,63,60,37,88,77,56,75,50,39,83,89,43,45,128,92,85,44,76,19,19,52,46,33,10,5,45,65,11,37,71,72,69,26,62,59,47,9,44,64,8,14,22,34,108,146,55,39,80,46,42,29,36,26,54,71,72,33,54,33,57,22,48,14,14,28,55,71,87,15,27,45,34,8,56,73,103,87,33,85,40,87,43,82,112,93,76,79,,73,89,89,88,88,84,93,97,85,99,113,108,82,96,97,99,65,45,77,42,,72,63,72,77,37,40,57,54,8,22,54,12,61,105,10,75,105,32,28,22,69,9,6,6,11,40,33,9,5,21,13,8,5,12,62,27,13,48,48,47,93,78,35,142,52,46,57,63,95,85,48,19,58,77,49,79,74,49,39,47,58,50,60,49,53,43,79,35,43,30,63,54,64,18,43,58,57,66,66,55,45,27,57,47,70,110,64,38,62,27,10,46,25,14,18,60,40,54,49,11,23,40,27,6,13,42,24,28,42,18,24,,14,57,30,44,16,17,25,25,,31,12,42,42,23,7,31,34,62,8,32,8,13,31,49,72,59,39,,69,51,40,70,12,60,47,19,38,51,42,81,78,13,21,33,18,7,69,69,64,65,45,93,41,46,76,78,43,68,61,30,75,11,28,58,38,84,72,55,,49,53,7,71,38
20210920,6,CO,0.50,0.76,0.46,0.74,0.34,0.75,0.37,0.20,0.50,0.40,0.60,0.65,0.42,0.41,0.50,1.55,0.51,0.42,0.65,0.63,0.81,0.57,0.50,0.76,0.70,0.45,0.57,0.74,0.82,0.55,0.60,0.65,0.73,0.64,0.57,0.52,0.59,0.73,0.63,0.40,0.50,0.57,0.63,0.40,0.86,0.70,0.34,0.59,0.66,0.34,0.72,0.90,0.78,0.66,0.50,0.54,0.50,0.50,0.42,0.55,0.54,0.44,0.69,0.54,0.74,0.76,0.51,0.53,0.33,0.35,1.20,0.97,0.52,0.61,0.77,0.70,0.69,0.52,0.68,0.40,1.63,0.82,0.60,0.60,0.98,0.90,0.78,0.88,0.50,0.11,0.42,0.65,0.80,0.52,0.32,0.47,0.50,0.60,0.43,0.56,0.55,0.57,0.75,0.50,0.47,0.70,0.70,0.55,0.43,0.53,0.64,0.67,1.72,0.60,0.22,0.58,0.68,0.52,0.72,1.03,0.60,0.22,0.47,0.73,1.27,0.61,0.73,1.08,0.97,0.68,0.74,0.62,0.75,0.73,1.12,0.93,0.60,0.56,0.55,0.94,0.30,0.58,0.62,1.00,0.67,0.55,0.60,0.46,0.42,0.77,0.43,0.33,0.40,0.43,0.37,0.40,0.37,0.57,0.30,0.33,0.40,0.70,0.60,0.45,0.25,0.35,0.25,,0.35,0.65,0.50,0.30,0.50,0.50,0.70,0.70,0.45,0.70,0.85,0.80,0.90,1.00,0.80,0.45,0.70,0.80,0.55,0.65,,0.75,0.93,0.53,0.56,0.50,1.13,0.56,0.60,0.37,1.68,0.20,0.25,1.05,0.35,0.27,0.20,0.25,0.52,1.00,0.65,0.50,0.45,1.10,2.05,0.75,0.45,0.45,0.43,0.47,0.77,1.00,1.25,0.60,0.83,0.65,0.15,0.40,0.60,0.68,0.75,0.80,0.50,0.40,0.63,0.90,0.50,0.92,0.70,0.78,0.68,0.50,1.13,0.47,0.37,0.55,0.60,0.78,0.40,0.40,0.88,0.60,0.95,0.47,0.53,1.07,1.02,0.53,1.13,1.03,0.90,0.75,0.80,1.26,0.67,0.92,1.23,0.76,1.20,0.77,0.53,0.80,0.77,0.83,0.35,1.02,0.47,0.45,0.88,0.77,0.65,0.77,0.53,0.60,0.65,0.65,0.50,0.60,0.45,0.77,0.45,0.53,0.37,0.55,0.85,0.60,0.47,0.38,0.37,0.37,0.63,0.25,,0.15,0.57,0.93,0.40,0.60,0.37,0.60,0.45,,0.55,0.70,0.80,0.60,0.40,0.60,0.70,0.47,0.30,0.40,0.60,0.65,0.90,0.55,0.35,0.45,0.50,1.15,,0.30,0.45,0.50,0.53,0.60,0.35,0.75,0.45,0.30,0.15,0.10,0.75,0.50,0.35,0.10,0.35,0.40,0.50,0.20,0.70,0.60,0.40,0.40,0.30,0.30,0.45,0.47,0.45,0.20,1.30,0.20,0.50,0.20,0.60,0.25,0.40,0.20,0.40,0.65,0.50,,0.50,0.80,0.55,0.43,0.37
20210920,6,CO_24h,0.59,1.03,0.37,0.97,0.56,0.63,0.41,0.34,0.68,0.65,0.50,0.73,0.42,0.51,0.63,1.60,0.65,0.50,0.57,0.60,0.72,0.56,0.50,0.56,0.65,0.50,0.56,0.69,0.80,0.75,0.47,0.57,0.73,0.67,0.60,0.48,0.66,0.63,0.65,0.47,0.57,0.60,0.63,0.43,0.69,0.67,0.38,0.61,0.68,0.34,0.82,0.80,0.64,0.64,0.49,0.50,0.47,0.43,0.37,0.50,0.50,0.48,0.65,0.48,0.68,0.63,0.52,0.47,0.30,0.45,0.62,1.03,0.57,0.55,0.78,0.62,0.70,0.56,1.20,0.55,1.03,0.90,0.58,0.49,0.62,0.70,0.62,0.74,0.40,0.21,0.47,0.73,0.65,0.42,0.36,0.47,0.54,0.57,0.43,0.56,0.53,0.50,0.70,0.50,0.53,0.70,0.66,0.60,0.60,0.55,0.58,0.78,0.98,0.67,0.52,1.47,0.94,0.83,0.94,0.83,0.48,0.33,0.38,0.70,0.85,0.57,0.75,1.04,0.87,0.75,0.80,0.73,0.77,0.80,0.94,0.75,0.57,0.54,0.60,0.76,0.30,0.68,0.70,0.96,0.70,0.47,0.55,0.52,0.45,0.55,0.47,0.43,0.53,0.36,0.67,0.40,0.40,0.78,0.46,0.43,0.50,0.70,0.60,0.45,0.30,0.50,0.40,,0.45,0.85,0.50,0.40,0.60,0.45,0.65,0.73,0.50,0.70,0.85,0.80,0.80,0.65,0.75,0.50,0.70,0.70,0.60,0.70,,0.67,0.90,0.47,0.92,0.58,0.55,0.80,0.67,0.50,1.00,0.13,0.40,0.40,0.45,0.33,0.20,0.30,0.84,1.33,0.75,0.75,0.53,1.05,1.05,0.70,0.45,0.40,0.43,0.33,0.60,0.80,0.70,0.63,0.60,0.45,0.20,0.40,0.65,0.63,0.68,1.03,0.55,0.47,0.60,0.84,0.45,0.83,0.70,0.77,0.55,0.47,0.93,0.50,0.43,0.60,0.55,0.92,1.27,0.55,0.84,0.60,0.75,0.57,0.53,1.42,0.97,0.53,0.98,0.95,0.82,0.75,0.73,1.22,0.90,0.85,1.07,0.76,1.20,0.83,0.47,0.87,0.80,0.68,0.40,0.82,0.40,0.50,0.88,0.68,0.55,0.78,0.60,0.73,0.58,0.58,0.63,0.67,0.45,0.67,0.45,0.60,0.37,0.50,0.65,0.50,0.47,0.60,0.43,0.53,0.60,0.30,,0.25,0.58,0.58,0.30,0.60,0.43,0.50,0.50,,0.55,0.75,0.55,0.55,0.40,0.60,0.65,0.40,0.35,0.40,0.55,0.70,0.90,0.60,0.45,0.40,0.45,0.85,,0.35,0.40,0.53,0.43,0.65,0.55,0.50,0.45,0.30,0.25,0.15,0.30,0.50,0.35,0.30,0.30,0.25,0.50,0.30,0.60,0.60,0.50,0.50,0.30,0.27,0.40,0.43,0.50,0.50,1.05,0.25,0.55,0.20,0.80,0.50,0.87,0.40,0.40,0.75,0.30,,0.45,0.70,0.45,0.65,0.40
20210920,7,AQI,22,25,21,26,29,24,24,21,23,23,25,26,23,23,17,51,34,45,30,32,52,41,36,18,16,55,45,56,57,43,14,45,12,52,21,43,42,62,42,23,22,37,54,47,13,44,39,35,14,32,21,16,22,22,19,19,13,17,22,36,22,16,42,28,32,36,28,23,17,17,59,31,33,74,23,25,31,28,21,13,39,24,58,29,23,19,11,13,16,25,30,16,11,31,28,24,15,34,21,22,29,19,40,21,16,27,33,24,20,25,17,20,71,22,13,23,30,15,23,58,32,33,22,24,19,13,29,18,21,24,17,22,32,18,17,18,21,33,13,20,16,30,18,26,20,28,34,29,18,40,23,23,21,22,15,29,38,48,60,70,29,9,25,40,33,22,26,,23,31,27,28,25,50,41,33,40,37,69,44,64,58,58,29,57,54,48,47,,18,23,55,20,39,37,24,19,36,71,31,23,63,25,21,30,34,24,35,41,34,50,45,35,37,18,27,28,51,26,54,20,29,33,14,24,20,16,17,17,12,14,47,18,20,16,20,19,16,46,37,56,37,25,27,49,17,27,18,24,33,32,30,48,30,58,24,29,20,29,24,21,21,19,40,18,17,15,22,14,11,21,19,16,18,28,24,13,22,15,52,34,12,44,35,16,31,13,67,43,21,26,35,28,32,29,24,16,16,19,25,,13,13,32,21,21,17,16,21,,16,14,31,16,11,13,16,23,14,20,25,20,9,21,14,14,19,31,,16,15,19,27,11,17,27,29,37,34,16,56,28,13,21,47,17,42,20,26,21,35,21,26,38,37,17,51,104,84,56,64,61,99,120,59,42,19,64,77,,40,23,14,26,21
20210920,7,PM2.5,3,2,7,8,5,4,11,9,16,9,7,5,5,12,11,30,5,15,12,22,30,28,25,5,9,30,30,40,36,26,7,24,4,34,12,24,25,42,28,11,11,26,32,25,6,22,27,10,4,7,13,6,5,9,7,13,5,4,6,15,12,6,24,8,16,21,10,14,5,8,19,22,14,28,4,6,16,16,10,7,27,8,33,20,2,4,7,9,11,3,3,5,8,22,7,2,10,24,10,8,20,13,13,14,6,16,23,10,4,4,12,14,52,12,9,7,17,8,7,32,16,18,12,10,13,6,20,7,14,14,10,9,18,8,6,2,14,23,5,13,7,12,8,15,13,16,15,13,9,28,11,11,9,7,9,7,15,20,15,31,5,2,,9,8,11,7,,5,3,4,7,6,31,22,23,24,22,50,28,46,41,38,20,36,30,33,33,,12,11,37,9,14,26,16,9,12,30,22,16,23,11,13,13,19,17,18,23,24,21,25,17,14,7,19,15,18,18,28,13,19,21,10,9,14,6,10,12,6,3,24,10,14,9,4,5,2,17,26,40,26,13,15,19,7,19,7,13,19,15,16,30,21,41,10,20,11,19,4,15,4,10,28,11,12,6,5,5,8,6,6,9,6,13,17,8,12,5,19,14,7,15,16,5,17,5,34,17,11,12,15,14,14,18,12,7,9,6,12,,3,6,13,12,6,10,10,13,,5,10,22,8,8,6,10,16,9,9,7,9,6,9,6,8,10,14,,4,5,9,18,7,8,13,9,13,16,9,26,9,5,10,22,9,29,6,6,15,21,9,11,18,17,8,19,39,33,15,27,13,55,66,16,9,6,26,33,,19,13,7,5,9
20210920,7,PM2.5_24h,13,13,10,23,15,4,15,23,20,19,9,9,6,9,19,42,14,15,11,24,35,25,26,14,22,34,27,33,30,32,28,18,28,39,19,19,31,36,26,20,13,26,33,24,24,17,17,27,9,6,8,17,19,8,5,7,6,5,6,10,10,6,21,7,13,11,6,9,6,7,17,17,16,23,19,22,15,14,31,12,34,24,19,14,3,7,7,13,21,8,13,17,10,12,10,6,11,16,8,6,16,14,11,7,9,17,18,11,7,5,15,6,23,8,19,33,25,13,32,19,10,16,11,35,38,27,11,4,7,13,11,7,28,24,18,9,15,19,9,20,7,12,8,20,11,11,12,11,9,12,7,6,7,8,5,6,14,19,18,29,15,7,5,7,9,13,9,,11,12,6,7,8,29,22,25,27,24,38,28,36,34,37,20,35,29,29,39,,20,10,23,7,13,12,12,9,9,26,21,18,18,21,15,11,22,34,28,26,40,22,23,15,13,11,15,11,11,17,24,11,15,16,10,9,14,25,26,21,32,27,27,33,23,21,20,17,29,33,18,30,23,18,14,30,23,35,20,14,21,33,23,32,11,14,6,11,9,7,12,12,28,9,13,33,19,14,27,15,16,5,22,19,9,14,19,11,20,8,18,16,19,18,20,14,18,13,25,18,10,8,10,10,11,13,10,7,8,7,15,,7,7,10,8,6,7,8,9,,4,10,17,8,10,12,8,15,10,7,9,12,8,11,7,10,8,23,,6,7,8,11,6,5,9,11,12,16,8,17,8,11,6,24,9,24,11,19,20,20,8,13,17,15,9,20,27,27,17,26,27,68,55,33,15,12,34,28,,17,33,8,16,7
20210920,7,PM10,3,2,9,10,9,6,12,5,13,20,6,6,5,23,17,52,18,45,30,32,53,41,33,14,15,60,45,58,64,43,14,45,6,54,21,43,42,74,42,23,22,37,58,47,5,44,39,35,5,30,21,5,4,22,19,11,13,17,22,36,22,16,42,28,32,36,28,23,13,17,68,31,33,98,3,4,31,28,15,13,22,8,66,16,2,9,11,9,16,14,4,6,6,23,20,5,15,27,21,22,29,18,40,21,16,27,29,24,6,2,17,20,68,22,13,23,30,15,7,66,32,33,22,24,18,9,27,18,21,24,17,22,32,18,6,5,21,32,13,20,16,30,18,26,20,28,34,29,18,35,23,23,21,22,13,25,38,48,69,89,5,2,,23,8,14,8,,13,6,26,17,22,50,41,33,40,37,69,44,62,62,65,28,64,57,48,45,,18,23,59,20,39,32,24,19,36,92,24,14,75,25,21,30,34,22,35,41,9,50,45,35,37,18,18,28,51,24,57,20,29,33,10,24,14,7,16,14,12,5,47,17,9,16,7,11,7,46,35,51,34,25,27,49,6,27,18,24,33,32,30,48,27,52,5,25,20,29,11,16,7,19,20,15,15,5,9,14,8,21,5,5,12,28,7,13,7,15,54,34,12,44,35,6,31,8,84,43,21,26,35,28,32,29,24,16,16,19,25,,13,13,32,21,21,17,16,21,,16,14,24,16,8,13,16,21,12,20,25,20,6,21,14,12,19,31,,10,15,19,27,11,17,27,29,37,34,16,61,28,13,21,47,17,42,10,26,18,35,21,26,38,37,17,51,158,117,61,77,71,147,189,67,42,3,77,104,,40,23,14,17,21
20210920,7,PM10_24h,14,20,13,32,36,7,19,29,35,27,12,7,9,14,42,79,25,45,29,39,63,41,40,32,41,68,50,53,55,56,51,34,53,69,31,37,53,69,43,34,26,44,66,35,58,36,29,60,11,19,13,31,34,20,15,12,18,13,17,23,22,14,37,18,23,21,22,18,18,15,45,32,43,84,33,30,30,24,49,25,33,35,37,32,4,8,8,13,39,19,20,27,8,24,20,10,23,26,15,20,26,23,32,16,17,32,30,24,11,6,26,11,22,11,51,60,52,28,45,43,29,35,15,60,65,48,14,10,11,19,16,13,41,39,29,23,26,31,21,34,16,26,17,19,14,19,33,20,15,15,17,15,19,18,13,30,44,53,66,100,18,12,9,22,17,23,16,,19,17,17,16,17,50,48,42,52,41,56,48,54,53,64,33,65,67,45,58,,29,22,38,16,24,15,14,17,26,111,36,40,56,36,24,36,40,70,56,57,66,52,41,32,42,27,24,27,33,30,50,21,33,24,14,19,24,50,51,39,60,49,43,63,36,43,45,32,47,52,30,45,37,29,32,55,35,61,34,30,41,60,43,52,15,20,4,14,12,12,19,16,54,17,17,67,25,29,66,33,24,19,36,30,18,27,31,21,32,15,44,32,38,43,35,26,33,27,41,36,20,16,22,20,19,23,22,14,16,14,24,,30,12,16,12,18,11,19,14,,11,11,18,16,13,13,14,17,13,16,12,19,14,26,14,26,21,43,,16,18,19,17,14,12,25,25,38,37,20,55,22,28,35,38,22,36,14,24,30,31,22,27,53,45,20,71,90,92,82,83,107,201,175,101,68,39,84,100,,37,86,16,26,15
20210920,7,SO2,3,6,4,4,4,5,4,4,9,2,4,7,3,5,7,12,6,5,8,6,4,6,6,5,6,9,6,10,6,6,4,5,4,6,7,5,6,14,9,4,5,5,5,6,4,6,9,5,5,5,6,6,5,6,6,5,7,4,6,6,8,7,9,5,11,5,6,9,9,6,13,10,7,10,4,4,14,8,4,6,8,19,20,4,4,5,8,5,8,5,4,5,5,4,4,8,9,9,15,21,11,6,6,6,7,6,15,12,7,4,11,12,4,6,7,6,11,9,9,16,9,4,5,8,7,6,4,6,5,7,5,5,6,8,8,7,2,39,12,10,4,9,10,16,7,6,5,1,5,7,7,4,4,6,6,3,8,8,7,5,9,4,3,5,4,8,7,,6,5,4,4,6,10,11,8,7,8,5,8,15,11,10,7,6,3,7,6,,6,9,17,5,9,6,4,10,9,26,3,4,14,17,2,13,6,10,19,4,11,8,13,17,12,3,8,7,7,9,9,7,9,3,5,10,7,5,4,5,7,9,8,7,6,2,5,2,5,6,6,8,4,8,5,7,6,7,5,11,12,8,8,16,9,5,5,9,5,9,8,7,9,7,6,9,2,5,7,7,8,7,8,7,2,25,6,3,2,4,28,8,9,5,18,5,13,9,39,6,3,6,8,7,10,4,5,7,5,5,11,,8,10,4,8,2,5,12,4,,3,7,24,7,7,6,7,17,6,8,11,4,4,9,8,7,5,9,,8,10,7,6,8,9,27,9,4,10,5,17,9,5,13,4,6,10,5,8,14,10,8,13,9,9,5,7,6,15,11,6,3,5,13,10,11,4,10,12,,19,3,18,6,7
20210920,7,SO2_24h,3,6,3,4,9,4,4,5,12,2,4,7,3,5,8,18,7,6,7,6,5,5,6,6,7,11,5,7,6,7,5,4,6,7,7,4,7,10,7,5,6,4,5,6,6,5,5,12,5,5,4,7,6,6,6,5,6,3,5,6,6,7,7,3,8,5,5,8,8,5,10,15,8,11,10,6,11,7,8,7,11,13,8,5,4,6,6,5,9,6,3,5,5,4,4,7,9,8,5,10,6,7,6,6,7,6,6,11,7,4,11,9,4,7,17,9,15,12,18,17,5,4,5,9,7,9,3,7,5,5,6,6,7,8,9,8,2,12,7,8,4,8,8,14,8,4,6,4,5,6,7,3,4,5,5,4,8,16,7,5,8,5,3,5,4,8,7,,7,5,5,5,6,9,10,8,8,9,6,7,9,7,9,7,7,3,6,6,,7,8,7,5,8,6,4,10,10,35,5,4,8,17,2,14,6,15,16,9,12,9,13,14,14,4,7,7,7,8,7,5,9,7,5,8,6,8,7,6,11,8,8,8,9,4,5,3,6,6,5,6,5,7,5,14,16,44,6,9,10,9,6,14,8,5,5,7,5,8,7,7,14,6,6,10,2,5,12,7,6,7,12,10,4,16,7,4,8,4,12,10,8,5,18,11,10,8,27,11,6,7,7,10,9,4,6,7,5,5,11,,8,8,4,7,2,6,6,5,,4,7,13,7,8,6,10,8,6,8,6,9,4,9,9,7,4,9,,7,9,7,5,9,6,28,10,5,9,4,7,8,6,11,5,7,11,6,9,14,9,8,14,9,9,5,7,10,19,12,8,4,6,9,11,12,4,12,17,,12,8,13,6,7
20210920,7,NO2,8,9,13,14,5,8,11,13,26,12,8,11,10,29,25,31,7,25,25,18,15,21,20,12,10,14,20,27,20,20,13,11,9,27,18,33,22,41,20,21,13,25,29,16,11,22,22,7,10,5,18,17,9,23,16,10,20,12,17,23,18,18,23,19,27,36,20,15,15,15,48,28,21,30,10,10,38,17,13,18,17,10,38,13,8,8,18,18,13,9,4,9,14,8,7,6,19,15,14,13,21,6,14,12,17,11,22,12,7,11,24,15,32,36,13,20,18,17,9,24,29,11,17,20,19,18,13,17,30,14,22,30,18,15,14,11,9,19,13,13,8,25,16,23,19,19,35,19,12,15,24,8,15,21,26,9,9,25,4,28,11,17,6,3,14,7,7,,9,4,7,4,4,29,28,15,16,25,17,25,33,24,28,20,29,22,30,20,,11,11,34,15,35,28,11,24,31,50,13,16,32,35,13,4,7,13,36,21,7,36,17,19,19,19,15,13,24,12,17,10,21,19,20,16,9,5,7,10,16,10,11,9,9,5,11,6,12,20,12,25,17,19,10,10,8,7,7,11,11,12,11,26,24,23,8,18,13,15,9,6,11,16,12,13,8,9,6,10,10,4,9,6,7,17,5,8,9,5,25,14,8,26,16,5,21,9,20,12,21,16,32,26,37,15,27,8,14,22,7,,20,18,26,11,11,10,18,12,,6,6,17,11,9,11,9,6,7,8,13,12,7,11,3,18,16,18,,12,6,13,47,6,9,21,18,32,18,32,37,7,23,20,21,18,33,12,3,18,21,18,5,27,28,27,16,57,65,19,10,7,38,20,11,4,3,20,46,,34,4,9,12,16
20210920,7,NO2_24h,15,20,11,27,22,10,15,17,29,19,17,17,10,23,27,39,20,28,20,16,17,15,13,11,17,24,17,23,20,19,13,8,15,30,15,21,19,25,18,11,13,19,24,10,19,14,14,16,27,7,19,16,9,21,12,10,16,10,14,19,11,16,20,14,25,26,19,15,15,15,44,32,25,37,14,12,25,17,25,15,25,27,18,15,9,18,9,27,16,18,13,16,14,5,14,6,14,9,7,9,12,6,14,9,18,10,10,12,12,15,19,14,27,27,31,25,28,20,26,27,19,15,13,20,19,16,14,16,16,20,23,24,20,12,9,10,12,12,7,11,7,24,23,22,18,18,26,13,13,16,18,10,23,16,20,8,12,28,25,32,15,37,11,4,21,15,11,,16,10,11,12,9,22,22,22,22,20,13,23,17,14,17,15,25,30,18,20,,14,8,14,17,30,23,11,19,26,36,14,22,17,23,12,15,7,28,28,30,21,35,23,19,20,15,10,14,23,12,17,9,21,20,12,18,13,9,13,14,23,19,10,16,11,11,12,8,14,18,8,20,12,11,10,14,15,21,13,11,8,15,11,16,18,21,10,21,15,14,16,10,18,14,13,17,11,10,15,9,10,5,11,10,7,10,8,10,12,7,24,12,15,18,13,7,13,13,12,14,18,13,23,22,26,12,25,17,15,18,7,,27,8,18,6,11,11,14,14,,5,8,11,7,8,10,12,7,8,9,12,15,10,11,5,18,13,20,,12,7,12,29,11,11,24,17,29,24,28,20,10,26,23,18,15,33,8,4,17,14,12,9,20,20,18,27,42,39,27,26,13,39,32,41,13,15,47,38,,28,21,10,18,13
20210920,7,O3,71,79,67,84,92,77,77,67,49,73,79,84,73,18,37,5,108,5,16,67,30,54,56,59,50,42,55,51,38,45,25,67,38,39,61,11,62,20,66,29,64,46,17,29,43,26,37,50,44,101,46,52,71,9,6,11,5,4,7,15,17,5,16,2,14,14,8,41,55,44,13,12,41,77,72,81,39,53,67,39,54,76,17,29,72,62,24,29,47,80,97,50,33,91,89,76,12,46,13,6,20,40,19,3,5,28,26,4,65,79,33,44,10,36,43,48,9,42,75,6,11,21,19,26,23,43,37,50,15,51,25,6,13,30,54,56,29,36,11,43,17,12,28,8,7,37,20,40,23,39,23,32,12,29,47,92,97,11,89,54,94,23,81,127,106,69,82,,75,99,85,88,79,53,64,78,70,67,24,67,27,35,38,64,38,36,28,38,,46,28,15,63,17,15,46,35,7,5,34,10,34,30,5,67,95,36,21,16,50,6,6,5,8,16,18,8,7,18,13,7,7,13,41,8,16,52,54,46,37,45,39,56,45,52,65,61,50,45,37,5,18,18,22,39,53,49,52,39,54,43,37,33,18,13,78,26,34,28,76,52,67,14,28,59,35,49,71,42,27,21,60,52,56,64,55,41,69,11,5,13,24,8,10,52,8,43,16,3,12,8,22,1,7,28,7,28,22,14,8,,19,22,17,11,7,10,16,17,,13,7,22,33,13,6,43,42,46,5,21,6,14,27,35,45,26,34,,51,36,30,11,11,35,50,14,43,57,32,57,64,14,22,18,13,11,63,54,52,43,35,79,17,18,43,69,35,17,45,55,86,23,49,63,46,61,79,35,,40,52,,82,25
20210920,7,O3_24h,78,86,93,86,104,96,92,96,79,85,90,87,92,90,91,122,109,121,50,162,216,186,220,128,158,248,219,212,228,238,173,135,188,221,150,150,179,270,203,144,143,168,168,152,158,122,156,168,81,111,81,144,119,135,65,35,123,51,91,120,84,134,94,49,101,126,71,58,113,108,104,101,105,161,115,133,107,112,131,83,148,106,160,138,98,68,97,70,158,96,98,78,95,130,97,110,112,114,47,58,109,100,76,58,180,123,130,87,65,79,96,96,77,98,86,95,116,78,97,128,63,97,73,193,195,170,72,89,83,73,76,69,54,85,135,77,70,84,97,97,59,171,113,77,95,121,157,103,73,70,100,106,98,124,107,111,118,112,118,123,102,72,84,129,106,84,86,,88,99,99,90,116,198,192,230,209,209,216,241,226,224,224,179,128,138,144,193,,79,67,153,96,89,97,75,86,95,119,126,78,128,106,71,91,125,154,95,146,98,136,110,84,100,74,71,106,64,66,51,65,54,42,72,59,65,179,193,141,163,150,130,197,160,169,144,135,158,180,138,153,117,98,124,122,141,121,118,100,125,171,117,148,85,85,84,76,81,74,77,72,182,64,68,201,81,135,210,122,103,71,125,82,120,121,91,68,83,62,113,79,93,116,91,105,99,66,100,91,97,109,118,124,115,100,84,124,98,114,109,,103,93,66,74,53,85,67,55,,53,55,94,90,39,46,46,45,63,81,76,40,58,104,104,116,126,124,,126,111,125,92,86,102,92,121,108,119,107,122,101,123,107,108,115,110,120,123,116,119,116,119,107,102,108,132,108,158,113,110,105,106,120,140,77,103,145,158,,112,154,48,91,91
20210920,7,O3_8h,62,76,78,81,93,85,80,77,63,72,75,74,85,30,41,20,97,10,22,80,80,70,73,97,44,73,67,71,73,63,60,93,56,36,80,31,84,35,78,55,81,58,40,51,37,29,51,47,37,90,38,62,72,10,11,15,8,5,7,19,28,7,17,8,16,16,9,41,64,49,14,23,44,67,67,70,53,76,50,64,48,59,26,58,70,57,61,40,39,83,91,44,28,117,90,84,27,61,16,12,35,44,21,6,4,38,43,6,41,72,53,56,16,35,52,44,7,38,62,6,8,21,29,56,76,42,37,67,29,44,27,22,23,43,66,64,29,48,24,49,20,27,14,11,14,32,47,60,15,24,35,34,9,45,63,93,88,20,85,40,88,31,81,114,93,73,79,,72,91,86,88,85,72,81,85,76,84,65,87,50,66,64,76,50,24,55,41,,57,37,40,69,27,26,53,41,5,16,44,10,54,66,7,72,102,32,25,13,49,7,5,5,8,26,28,7,5,18,13,6,5,12,55,13,14,48,49,47,49,64,27,77,51,47,58,62,61,72,42,9,33,50,32,60,50,46,41,41,54,46,48,43,34,28,79,25,32,30,65,50,64,18,35,58,41,60,67,51,35,23,55,48,66,96,56,39,62,21,5,30,22,9,12,56,24,48,32,6,18,26,21,4,9,38,17,27,31,16,14,,15,42,20,29,13,15,23,22,,22,8,31,38,18,7,33,34,53,6,21,6,11,29,41,56,40,35,,60,43,35,33,10,42,47,15,39,52,37,75,65,13,21,21,17,7,68,61,60,46,42,86,25,35,65,72,17,49,55,34,77,12,28,59,39,73,63,26,,47,53,5,73,30
20210920,7,O3_8h_24h,63,77,83,81,99,91,89,80,72,72,82,74,91,47,43,43,97,22,26,91,131,85,88,121,44,115,85,93,107,72,95,111,138,41,93,50,96,56,83,76,89,62,51,77,37,39,58,53,44,90,40,72,72,13,22,24,11,11,9,27,47,11,27,11,21,24,13,43,77,52,18,27,51,72,67,70,71,90,51,81,63,61,37,88,77,56,75,50,40,83,91,44,46,128,92,85,44,76,19,19,52,46,33,10,5,45,65,11,41,72,72,69,26,62,59,47,9,45,66,8,14,22,34,108,146,55,39,80,46,44,29,36,26,54,71,72,34,54,33,57,22,48,16,14,28,55,71,87,16,28,45,34,9,56,73,103,88,33,87,41,88,43,82,114,93,76,79,,73,91,89,88,88,84,93,97,85,99,113,108,82,96,97,99,65,45,77,42,,72,63,72,77,37,40,57,54,8,22,54,12,61,105,10,75,105,33,28,22,69,9,6,6,11,40,33,9,5,21,14,8,5,12,62,27,14,48,49,48,93,78,36,142,52,47,58,63,95,85,48,19,58,77,49,79,74,50,41,47,58,50,60,49,53,43,79,35,43,31,65,54,64,18,43,58,57,66,67,55,45,27,58,48,70,110,64,39,63,27,10,46,25,14,18,60,40,54,49,11,23,40,27,6,13,42,24,28,42,18,24,,15,57,30,44,16,17,25,25,,31,12,42,42,23,7,33,34,62,8,32,8,13,31,49,72,59,40,,69,51,40,70,12,60,47,19,39,52,42,81,78,13,21,33,18,7,69,69,64,65,45,93,41,46,76,78,46,68,61,34,77,12,30,59,39,84,72,55,,49,53,7,73,38
20210920,7,CO,0.48,0.77,0.43,0.68,0.34,0.77,0.30,0.20,0.55,0.50,0.50,0.57,0.42,0.48,0.54,1.49,0.61,0.43,0.72,0.67,0.78,0.59,0.54,0.79,0.71,0.50,0.58,0.84,0.88,0.60,0.63,0.70,0.65,0.67,0.57,0.56,0.61,0.77,0.63,0.45,0.53,0.60,0.70,0.43,0.85,0.70,0.40,0.59,0.74,0.34,0.73,0.91,0.79,0.68,0.53,0.52,0.51,0.53,0.48,0.57,0.56,0.46,0.71,0.54,0.74,0.78,0.56,0.56,0.32,0.35,1.27,1.23,0.58,0.60,0.75,0.70,0.72,0.62,0.80,0.50,1.33,0.72,0.65,0.61,0.78,0.85,0.93,0.95,0.52,0.11,0.40,0.73,0.82,0.52,0.32,0.63,0.50,0.66,0.45,0.60,0.57,0.57,0.70,0.57,0.50,0.75,0.78,0.55,0.33,0.53,0.64,0.68,1.82,0.58,0.22,0.55,0.70,0.52,0.70,1.02,0.66,0.25,0.62,0.82,1.07,0.69,0.70,1.44,0.97,0.75,0.80,0.70,0.80,0.80,1.10,0.93,0.67,0.62,0.63,1.04,0.30,0.67,0.62,1.12,0.73,0.53,0.60,0.56,0.42,0.60,0.53,0.37,0.40,0.36,0.40,0.50,0.40,0.65,0.28,0.40,0.50,0.60,0.60,0.55,0.30,0.35,0.30,,0.35,0.65,0.50,0.30,0.60,0.50,0.70,0.70,0.45,0.70,1.05,0.80,0.90,1.00,0.95,0.45,0.70,0.80,0.55,0.70,,0.65,0.95,0.67,0.56,0.64,1.08,0.56,0.63,0.40,1.75,0.25,0.30,1.10,0.38,0.30,0.20,0.30,0.52,1.60,0.63,0.50,0.55,1.15,1.65,0.80,0.45,0.55,0.47,0.55,0.80,1.10,1.53,0.70,1.07,0.60,0.25,0.40,0.67,0.77,0.80,0.83,0.55,0.43,0.63,0.90,0.55,0.88,0.80,0.78,0.68,0.53,1.30,0.50,0.37,0.60,0.70,0.75,0.43,0.48,0.86,0.57,0.97,0.53,0.55,1.23,1.05,0.53,1.13,0.95,0.90,0.75,0.73,1.28,0.73,0.92,1.10,0.80,1.20,0.80,0.60,0.87,0.80,0.83,0.40,1.05,0.50,0.47,0.93,0.90,0.65,0.82,0.57,0.58,0.68,0.65,0.50,0.63,0.50,0.77,0.45,0.53,0.37,0.63,1.00,0.63,0.53,0.45,0.37,0.43,0.70,0.25,,0.15,0.67,0.93,0.43,0.60,0.43,0.60,0.45,,0.55,0.75,0.65,0.65,0.40,0.60,0.60,0.40,0.30,0.45,0.60,0.65,0.85,0.55,0.35,0.40,0.55,1.05,,0.30,0.45,0.47,0.70,0.55,0.35,1.00,0.40,0.35,0.20,0.10,0.70,0.45,0.35,0.20,0.35,0.35,0.50,0.20,0.70,0.60,0.60,0.40,0.30,0.33,0.50,0.57,0.45,0.20,1.25,0.15,0.40,0.20,0.60,0.30,0.43,0.20,0.40,0.65,0.45,,0.55,0.80,0.55,0.43,0.40
20210920,7,CO_24h,0.59,1.04,0.38,0.97,0.52,0.63,0.41,0.36,0.68,0.65,0.50,0.73,0.42,0.51,0.61,1.64,0.65,0.48,0.57,0.60,0.74,0.56,0.50,0.56,0.69,0.50,0.57,0.69,0.80,0.75,0.47,0.57,0.73,0.67,0.59,0.48,0.65,0.63,0.65,0.47,0.57,0.60,0.63,0.43,0.71,0.67,0.38,0.59,0.70,0.34,0.82,0.81,0.64,0.64,0.49,0.50,0.47,0.43,0.38,0.50,0.51,0.48,0.65,0.48,0.69,0.65,0.52,0.47,0.30,0.45,0.63,1.00,0.57,0.57,0.80,0.60,0.70,0.58,1.18,0.55,1.03,0.88,0.58,0.49,0.62,0.70,0.65,0.74,0.42,0.21,0.47,0.73,0.70,0.42,0.36,0.47,0.54,0.59,0.43,0.56,0.53,0.53,0.70,0.50,0.53,0.70,0.66,0.60,0.57,0.55,0.58,0.78,1.06,0.67,0.52,1.42,0.92,0.80,0.94,0.85,0.50,0.33,0.40,0.72,0.88,0.57,0.75,1.04,0.90,0.77,0.80,0.73,0.77,0.77,0.94,0.75,0.57,0.54,0.60,0.76,0.30,0.68,0.70,0.96,0.70,0.47,0.55,0.52,0.45,0.55,0.47,0.43,0.53,0.36,0.60,0.40,0.40,0.80,0.46,0.43,0.50,0.70,0.60,0.45,0.30,0.50,0.35,,0.45,0.80,0.50,0.40,0.60,0.50,0.65,0.73,0.50,0.70,0.85,0.80,0.80,0.70,0.75,0.50,0.70,0.70,0.55,0.70,,0.67,0.90,0.47,0.90,0.58,0.57,0.78,0.63,0.50,1.05,0.13,0.40,0.45,0.45,0.33,0.20,0.30,0.82,1.33,0.77,0.75,0.53,1.05,1.05,0.70,0.45,0.40,0.43,0.35,0.60,0.77,0.72,0.63,0.60,0.45,0.20,0.40,0.65,0.63,0.68,1.03,0.55,0.47,0.60,0.86,0.47,0.80,0.70,0.77,0.55,0.47,0.97,0.50,0.40,0.60,0.55,0.88,1.27,0.55,0.84,0.60,0.75,0.57,0.53,1.48,0.97,0.53,1.02,0.95,0.82,0.75,0.77,1.24,0.90,0.85,1.07,0.74,1.20,0.83,0.50,0.87,0.80,0.68,0.38,0.82,0.40,0.50,0.88,0.68,0.55,0.80,0.60,0.70,0.58,0.58,0.60,0.63,0.45,0.67,0.45,0.60,0.37,0.50,0.68,0.50,0.50,0.60,0.43,0.53,0.60,0.30,,0.25,0.58,0.60,0.33,0.60,0.43,0.55,0.50,,0.55,0.75,0.55,0.55,0.40,0.60,0.65,0.40,0.35,0.40,0.55,0.70,0.90,0.65,0.45,0.40,0.45,0.85,,0.35,0.40,0.53,0.50,0.65,0.50,0.50,0.45,0.30,0.25,0.15,0.30,0.50,0.35,0.30,0.30,0.25,0.40,0.30,0.60,0.60,0.50,0.50,0.30,0.27,0.40,0.43,0.55,0.50,1.05,0.25,0.55,0.20,0.80,0.50,0.87,0.40,0.40,0.75,0.35,,0.45,0.70,0.45,0.65,0.40
20210920,8,AQI,22,25,17,26,28,21,25,19,23,24,25,28,20,26,19,34,34,51,35,34,34,43,37,11,15,26,51,56,49,43,10,49,13,50,22,38,39,56,42,24,21,43,58,51,13,47,41,24,13,34,20,14,20,26,21,12,15,21,23,34,26,19,35,18,33,42,27,26,15,17,57,30,32,68,21,24,32,26,17,13,29,25,55,27,23,21,11,11,17,24,31,16,13,24,28,12,16,37,26,24,33,17,28,21,21,21,39,27,19,25,20,22,84,24,13,24,27,15,23,61,34,32,27,9,11,14,27,26,21,25,22,24,36,22,19,18,20,32,16,15,16,29,20,25,19,36,40,25,18,36,23,22,19,23,18,28,40,53,65,63,19,17,24,35,33,21,27,,23,31,26,27,24,48,41,36,47,38,48,46,59,55,51,29,55,54,49,43,,16,22,62,21,46,34,25,25,38,87,30,23,60,26,21,30,38,30,36,37,33,56,47,38,43,21,29,30,54,25,51,25,35,35,15,30,19,19,21,17,15,14,34,16,21,20,22,17,17,22,39,59,43,27,23,26,18,24,33,21,33,26,28,48,42,59,23,30,17,33,17,18,17,19,30,19,20,15,17,17,11,20,18,15,18,29,23,18,21,20,56,34,20,45,32,15,30,10,49,41,19,29,37,30,33,35,26,16,18,19,27,,17,15,41,20,13,20,19,22,,16,14,30,12,10,15,20,23,14,21,25,21,14,22,14,16,26,62,,17,15,20,32,13,20,25,31,50,30,24,51,25,16,22,51,23,39,17,30,30,35,24,30,45,39,18,51,105,84,55,61,58,107,136,54,14,18,60,81,,63,26,16,27,20
20210920,8,PM2.5,3,1,8,7,4,4,9,10,16,6,6,6,5,12,13,20,6,16,12,22,18,28,26,4,7,11,30,40,32,30,6,24,7,31,13,19,24,33,28,11,10,26,33,27,5,25,26,7,4,9,14,9,5,11,7,8,6,4,6,15,13,9,23,7,18,23,10,18,6,8,21,21,15,29,4,5,16,18,10,8,20,7,32,19,3,2,6,8,12,3,5,4,9,17,8,5,11,26,10,10,21,12,13,12,9,14,27,11,6,5,12,12,62,13,6,8,18,8,6,34,14,16,13,5,8,7,19,10,14,14,11,12,21,8,6,2,13,20,5,8,9,14,10,14,13,15,17,17,9,25,13,10,10,8,8,5,16,23,16,22,13,12,,12,6,11,3,,6,3,7,5,6,33,26,25,25,22,31,30,42,39,28,20,37,29,31,30,,11,10,40,9,21,24,17,6,14,34,21,12,25,13,13,15,17,21,15,22,23,22,24,16,12,7,20,14,18,13,27,14,24,20,10,12,13,10,15,11,7,3,24,5,15,9,1,5,2,7,27,42,30,14,16,11,7,17,6,11,20,10,17,31,26,42,10,19,9,20,6,10,5,8,21,13,13,6,6,9,7,4,5,8,6,12,16,10,11,5,20,17,7,18,18,5,16,5,19,20,10,15,13,15,14,21,8,8,10,6,19,,3,8,16,14,5,11,13,15,,4,9,21,5,7,6,13,16,10,10,10,10,10,12,9,10,13,42,,6,7,10,19,9,10,14,8,18,15,12,22,10,5,10,25,10,27,10,21,21,20,10,14,18,17,10,19,36,32,15,24,16,59,54,17,9,2,23,33,,21,7,11,6,10
20210920,8,PM2.5_24h,12,12,10,22,15,4,15,22,20,18,9,9,6,9,18,41,13,16,11,24,35,25,26,13,21,33,27,33,30,32,27,19,28,39,18,19,31,36,26,20,13,25,32,23,22,17,18,25,9,6,8,16,17,8,5,7,6,5,6,10,11,6,21,7,13,11,6,9,6,7,18,17,16,24,18,20,15,15,29,12,32,22,20,14,3,7,7,12,20,7,12,16,10,12,9,6,11,16,7,5,16,14,11,7,8,17,18,11,7,4,15,6,25,8,19,31,25,12,30,20,10,16,12,34,37,25,11,4,7,13,11,7,26,22,17,7,15,19,8,19,7,13,8,19,11,11,12,11,9,12,8,6,8,8,5,6,14,19,18,29,14,7,4,7,8,12,9,,10,12,5,7,8,29,22,25,27,24,38,28,36,35,37,20,36,29,28,38,,19,9,24,7,13,13,12,9,9,25,21,17,18,20,15,11,22,33,27,26,39,22,23,15,13,11,15,11,11,17,24,11,15,16,10,9,14,24,25,20,30,26,27,33,22,21,19,16,27,32,18,31,24,17,14,29,21,33,18,13,20,31,23,31,11,16,6,11,9,8,11,11,26,9,12,32,17,13,26,15,15,5,21,18,8,14,18,10,20,7,18,16,18,18,19,13,18,13,24,18,10,9,11,10,12,13,10,7,8,7,15,,6,7,10,8,6,7,8,9,,3,10,18,8,10,12,8,15,10,7,10,12,9,11,7,10,8,23,,6,7,9,11,6,5,9,11,12,17,8,17,8,11,6,24,8,24,11,19,20,20,8,13,17,14,9,20,27,27,17,26,26,67,55,32,15,12,35,29,,17,31,8,15,7
20210920,8,PM10,6,2,8,6,8,7,9,7,10,12,6,4,7,26,18,34,19,52,35,34,34,43,33,11,14,26,52,60,49,41,3,49,13,50,22,38,39,62,42,24,21,43,65,52,8,47,41,24,4,26,20,8,6,26,21,12,15,21,23,34,26,19,35,18,33,42,27,25,14,17,64,30,32,86,5,3,32,23,17,13,13,13,60,19,2,5,7,10,11,15,3,10,5,17,28,10,15,29,26,24,33,17,28,21,21,21,36,27,10,2,20,22,74,24,13,24,27,15,4,71,34,32,27,9,7,9,26,26,21,25,22,24,36,22,8,7,20,32,16,15,16,29,20,25,17,36,40,25,18,29,23,22,19,23,18,28,40,56,79,75,13,7,7,18,7,9,8,,10,6,22,22,21,48,41,35,47,38,48,46,60,53,52,29,60,57,49,42,,15,22,73,20,46,32,25,25,38,123,26,23,70,26,21,30,38,26,36,37,6,62,47,38,43,21,26,30,57,25,51,25,35,35,15,30,14,10,20,17,8,5,32,8,13,20,6,17,7,22,29,51,35,27,22,26,4,23,33,21,33,26,28,48,42,53,3,30,17,33,10,18,7,19,23,17,20,8,9,17,11,20,8,5,13,29,7,18,3,20,62,34,20,45,32,6,30,9,49,41,19,29,37,30,33,35,26,16,18,19,26,,17,15,41,19,13,20,16,22,,16,14,23,12,7,15,20,17,14,21,25,21,7,22,14,16,26,74,,13,15,20,32,8,20,25,31,50,30,24,51,25,16,22,51,23,34,9,28,23,35,24,30,45,39,18,52,159,117,59,71,65,164,222,58,4,15,70,112,,76,26,11,15,20
20210920,8,PM10_24h,13,19,12,30,34,6,19,28,34,27,12,7,9,14,41,78,24,45,29,39,62,41,40,31,40,67,50,53,55,56,51,35,52,68,30,37,52,69,43,33,26,42,65,36,56,36,29,57,11,20,14,29,31,20,15,12,18,13,16,23,23,14,37,19,24,22,23,18,18,15,46,32,43,85,31,27,31,24,46,24,31,32,38,31,4,8,8,12,37,19,19,26,7,24,20,10,22,26,15,20,27,23,32,16,16,32,30,24,11,5,24,12,25,12,49,58,51,27,42,44,30,34,16,58,64,45,14,11,12,20,17,14,39,36,28,20,25,31,20,33,16,26,18,20,14,20,34,20,15,16,18,15,19,19,14,31,43,53,68,101,17,11,9,22,15,21,15,,18,17,16,15,17,49,47,42,52,41,56,48,54,54,64,32,65,66,44,57,,27,20,39,16,23,16,15,17,27,105,35,41,56,35,24,36,40,67,55,58,65,53,42,32,41,26,23,27,33,28,49,21,33,23,14,20,24,48,49,38,56,47,42,61,34,42,43,30,44,51,30,46,37,28,32,54,31,58,33,29,40,57,43,51,16,22,4,16,12,13,18,15,52,18,15,64,23,26,63,31,22,19,34,29,18,27,29,20,31,15,44,32,37,43,35,25,33,25,41,36,20,17,22,21,19,24,23,14,16,15,24,,29,12,17,12,18,12,19,15,,11,11,19,16,12,13,14,17,13,16,13,19,14,26,15,26,21,45,,16,18,20,18,14,13,25,26,38,38,21,55,23,27,35,39,23,36,13,25,30,31,22,27,53,45,20,71,94,94,82,83,105,197,177,101,67,39,85,100,,37,81,16,25,15
20210920,8,SO2,3,5,4,4,4,7,5,4,9,2,4,6,3,5,8,10,6,6,8,6,3,6,7,5,6,8,6,7,5,6,3,4,4,6,7,5,6,11,11,4,5,4,6,6,4,7,10,5,5,5,6,6,5,7,6,5,9,4,7,7,10,8,8,4,12,6,6,9,9,6,14,11,7,10,4,5,12,8,7,6,8,15,23,4,4,5,7,8,8,6,4,5,5,4,4,9,11,10,18,17,9,7,6,6,10,6,19,16,6,4,12,10,9,6,7,6,11,10,10,15,8,5,5,8,6,6,4,7,5,9,5,5,6,8,7,7,2,58,13,9,4,10,8,13,7,6,6,2,5,9,8,4,4,12,5,5,7,8,7,5,10,5,3,5,4,8,8,,6,5,3,5,6,11,12,9,8,8,4,8,11,6,9,9,5,2,7,6,,6,9,22,6,20,6,5,11,8,28,3,4,15,18,3,12,7,10,18,4,9,8,18,25,12,4,8,7,8,10,8,7,10,3,6,9,7,6,5,6,7,9,8,6,6,3,5,4,5,7,8,11,4,12,5,7,6,7,12,11,13,13,9,12,13,5,5,11,5,9,8,7,11,7,6,9,2,5,9,7,8,7,9,9,3,16,6,4,3,3,21,9,10,5,27,6,18,8,9,16,4,6,12,8,10,4,6,7,5,6,11,,9,10,4,8,2,5,12,5,,3,6,36,6,8,7,32,8,7,8,9,4,4,10,10,7,5,10,,7,10,8,21,8,9,70,8,5,14,5,8,10,7,15,5,7,11,5,7,14,9,8,13,7,10,5,7,6,20,11,6,3,13,12,10,11,4,11,12,,20,3,31,6,7
20210920,8,SO2_24h,3,6,3,4,8,4,4,5,12,2,4,7,3,4,8,18,7,6,7,6,5,5,6,6,6,11,5,7,6,7,4,4,6,7,7,4,7,10,7,5,6,4,5,6,6,5,5,12,5,5,4,7,6,6,6,5,7,3,5,6,6,7,7,3,8,5,5,8,8,5,10,15,8,11,10,6,11,7,8,7,11,13,9,5,4,6,6,5,9,6,3,5,5,4,4,7,9,8,6,10,6,7,6,6,7,6,6,11,7,4,11,9,4,7,16,9,15,12,17,17,5,5,5,9,7,9,3,7,5,5,6,6,7,8,9,8,2,14,7,8,4,8,8,14,8,4,6,4,5,6,7,3,4,5,5,4,8,16,7,5,8,5,3,5,4,8,7,,7,5,5,5,6,9,10,8,8,9,6,7,10,7,9,7,7,3,6,6,,6,8,7,5,9,6,4,10,10,33,5,4,8,17,2,14,6,15,16,9,12,9,13,14,14,4,7,7,7,8,7,5,8,6,5,8,6,8,6,6,11,8,8,8,9,4,5,3,6,6,6,6,5,7,5,14,13,42,5,9,10,9,6,14,8,5,5,8,5,8,7,7,13,6,6,10,2,5,12,7,6,7,12,10,4,17,7,4,8,4,12,10,8,5,18,10,11,8,26,11,6,7,7,10,9,4,6,7,5,5,11,,8,8,4,7,2,6,6,5,,4,7,14,7,8,6,12,8,6,8,6,9,4,9,9,7,4,9,,7,9,7,6,9,7,30,10,5,9,4,7,8,6,11,5,7,11,6,9,14,9,8,14,9,9,5,7,10,19,12,8,4,7,10,11,12,4,12,17,,12,8,13,6,7
20210920,8,NO2,8,10,20,15,7,13,12,16,21,13,8,11,15,27,23,26,8,24,24,19,13,24,23,16,11,12,19,25,26,22,11,17,10,27,19,30,19,35,21,14,16,20,33,15,15,21,24,10,12,5,19,23,12,23,15,11,21,13,16,18,16,18,21,16,26,35,19,17,21,15,45,34,25,31,15,11,38,24,21,21,16,12,34,13,9,9,9,17,16,10,7,11,14,11,9,13,15,16,13,9,19,8,13,12,16,9,21,14,9,12,24,15,26,30,20,24,18,18,13,32,27,13,13,18,14,16,13,23,28,15,18,29,17,14,13,12,12,18,11,12,7,27,21,21,20,27,35,24,10,19,20,11,13,21,22,28,15,27,3,50,25,19,9,4,17,7,9,,10,5,8,6,6,26,32,17,18,27,14,33,27,16,17,25,27,31,28,20,,14,9,29,15,40,26,14,25,27,48,14,14,25,26,13,6,26,14,34,23,10,35,23,21,21,15,14,15,26,20,20,10,25,18,22,16,9,6,8,11,15,9,6,9,8,5,12,8,13,19,11,28,17,17,14,13,8,8,12,12,12,12,14,25,27,24,10,16,13,14,14,7,18,14,12,18,10,10,14,16,15,4,11,7,7,19,5,11,11,5,26,15,10,25,17,7,17,14,9,11,19,19,41,26,37,18,27,10,15,26,8,,23,21,24,6,11,10,15,10,,5,6,19,15,9,11,15,8,9,9,13,12,8,14,5,23,23,30,,12,7,18,42,7,15,29,18,52,25,40,29,15,26,25,23,22,32,16,5,20,21,20,6,34,33,31,23,36,37,23,13,5,34,25,14,5,10,23,52,,47,6,9,12,15
20210920,8,NO2_24h,15,19,11,26,20,10,15,17,29,19,16,17,11,23,27,39,18,27,20,16,17,15,13,11,17,23,17,23,20,19,13,8,15,30,15,21,18,25,18,10,12,18,24,10,18,14,14,15,26,7,20,16,9,20,12,10,16,9,13,18,11,16,20,15,26,27,19,15,15,15,44,32,25,37,14,11,25,17,24,15,23,24,19,14,9,18,9,26,16,17,12,16,14,5,14,6,14,9,7,8,12,6,13,9,18,10,10,12,12,15,18,14,28,28,30,24,28,19,25,27,20,15,14,20,18,15,14,16,17,20,23,25,19,11,9,9,12,11,7,11,7,24,24,22,18,19,26,13,13,17,18,10,22,16,21,9,12,28,24,33,15,36,10,3,20,14,11,,16,10,11,10,8,22,22,21,22,20,13,23,17,14,17,15,25,29,18,19,,14,8,14,17,31,23,11,19,26,35,13,22,17,23,12,14,8,28,28,30,20,35,23,19,20,14,10,15,23,12,16,9,21,20,13,18,13,8,12,14,22,18,9,15,10,10,12,8,14,18,8,20,13,11,9,13,13,20,12,11,8,14,11,15,18,21,10,21,15,14,16,10,17,14,13,16,11,9,14,9,10,5,11,10,7,11,7,10,12,6,23,12,14,19,13,7,13,12,12,14,18,13,24,22,26,12,25,17,15,19,7,,26,8,19,6,11,11,14,14,,5,7,12,8,8,10,12,7,8,9,12,15,10,11,5,19,14,20,,13,7,12,29,11,11,24,17,31,24,28,21,10,26,23,19,16,33,8,4,17,15,12,9,21,20,18,27,43,40,27,26,13,39,33,40,13,15,47,39,,28,19,9,17,13
20210920,8,O3,69,79,53,84,89,67,81,61,53,76,79,88,63,21,37,15,108,7,18,68,31,54,56,33,49,51,58,51,30,42,31,55,37,48,59,26,68,45,67,34,54,55,19,48,42,33,44,45,43,110,47,44,65,11,11,12,8,8,12,28,24,9,18,4,15,10,12,38,48,44,15,9,38,76,67,76,37,48,55,31,66,79,35,31,74,67,35,26,46,77,98,50,37,70,86,39,17,48,12,11,26,40,27,7,9,33,34,8,62,79,38,51,20,54,37,46,14,40,72,9,19,22,25,30,32,46,42,42,17,50,28,13,13,28,62,57,28,36,12,48,19,11,20,9,10,19,22,32,29,34,30,26,15,29,51,70,92,13,87,27,36,21,76,113,106,67,85,,73,99,84,85,76,62,63,76,68,68,28,60,34,45,36,64,52,34,37,56,,47,29,29,66,18,19,43,34,17,7,34,14,42,53,10,69,74,36,29,13,49,6,9,5,11,24,21,15,10,16,17,8,10,14,42,11,20,62,61,48,49,46,51,52,49,53,69,43,54,48,53,12,23,23,29,35,56,49,42,41,60,48,36,35,23,14,74,32,39,29,54,54,53,21,33,49,36,47,54,39,24,21,57,47,58,46,51,40,66,11,6,14,21,12,14,47,15,32,34,9,13,12,13,3,8,23,7,23,21,11,5,,16,16,18,24,9,12,20,20,,17,8,24,28,13,6,31,37,44,5,23,6,14,24,29,39,16,19,,54,32,25,21,12,25,41,13,18,48,27,70,57,12,17,9,10,11,55,54,53,44,30,74,16,16,40,62,73,54,36,50,85,27,40,59,44,56,81,29,,30,49,4,87,28
20210920,8,O3_24h,79,86,92,86,104,96,92,96,79,85,90,89,92,90,91,122,110,121,50,162,216,186,220,128,158,249,219,212,228,238,173,135,188,221,150,150,179,270,203,144,143,168,168,152,158,122,156,168,80,112,81,144,119,135,65,35,123,51,91,120,84,115,94,40,101,126,71,58,113,108,104,101,105,161,115,133,107,112,131,83,148,106,160,138,97,64,97,68,158,95,99,78,95,130,97,110,112,114,47,58,109,100,76,58,180,123,130,87,65,79,99,96,77,98,86,95,116,78,97,128,63,97,73,193,195,170,71,89,83,66,76,69,54,85,123,77,70,84,97,97,59,171,113,77,95,121,157,103,73,70,100,106,98,124,107,111,118,113,118,123,102,72,84,127,107,84,86,,84,99,99,90,116,198,192,230,209,209,216,241,226,224,224,179,128,138,144,193,,79,67,153,96,82,97,75,86,95,119,126,78,128,106,71,91,125,154,95,146,98,136,110,84,100,74,71,106,64,66,51,65,54,42,72,59,65,179,193,141,163,150,130,197,160,169,144,135,158,180,138,153,117,98,124,122,141,121,118,100,125,171,117,148,85,85,84,76,81,74,77,72,182,64,68,201,81,135,210,122,103,71,125,82,120,121,91,68,83,62,113,79,93,116,91,105,99,66,100,91,97,109,118,124,115,100,84,124,98,114,109,,103,103,65,74,53,85,67,55,,52,55,94,90,39,46,46,45,63,81,76,40,58,104,104,116,126,124,,126,111,125,92,86,102,92,121,108,119,107,122,101,123,107,108,115,110,120,123,116,119,116,119,107,102,108,132,108,158,113,110,105,106,120,140,77,103,145,158,,112,154,48,92,91
20210920,8,O3_8h,63,76,75,81,93,83,80,75,61,72,75,76,83,29,40,19,98,10,22,78,74,68,71,89,44,70,66,69,68,60,57,89,53,37,77,31,82,36,76,53,78,57,37,51,37,29,50,47,37,92,39,59,71,10,11,14,8,6,8,20,28,8,17,7,16,15,10,41,62,48,14,21,43,69,67,71,51,72,51,60,51,61,28,55,71,58,57,38,40,82,91,44,29,111,90,78,26,60,16,12,34,43,22,6,5,37,42,6,44,73,50,56,16,38,50,44,8,38,63,6,10,21,29,52,71,43,38,64,27,44,27,21,22,41,67,63,28,46,22,49,20,25,14,11,14,31,43,57,17,25,34,33,10,43,61,91,89,19,85,39,82,30,80,114,95,72,80,,72,92,86,88,84,71,79,84,75,82,60,84,48,64,60,74,50,25,53,43,,55,36,38,68,26,25,52,40,7,14,42,11,53,64,7,72,99,33,26,13,50,7,5,5,9,26,27,8,6,17,13,7,5,12,53,13,15,50,50,47,49,62,30,74,50,48,60,60,60,69,44,9,32,47,32,56,51,46,41,41,55,46,46,42,32,26,78,26,33,29,64,51,63,18,35,57,41,59,65,49,33,23,55,47,65,90,55,39,63,20,6,28,22,10,13,55,23,46,32,6,17,24,20,4,9,36,16,26,30,15,13,,15,42,20,28,13,15,22,22,,21,8,30,37,17,7,33,34,52,6,21,6,12,29,40,54,36,33,,59,41,34,32,11,40,47,15,36,52,36,74,64,13,21,19,17,8,66,60,59,46,40,85,23,33,62,70,24,50,53,36,78,14,29,59,40,71,65,26,,45,52,4,74,30
20210920,8,O3_8h_24h,64,77,83,81,99,91,89,80,72,72,82,76,91,47,43,44,98,22,26,91,131,85,88,121,44,116,85,93,107,72,95,111,138,42,93,50,96,56,83,76,89,62,51,77,38,39,58,53,45,93,41,72,72,13,22,24,11,11,9,27,47,19,27,11,21,24,13,43,77,52,18,27,51,74,68,71,71,90,53,81,64,63,37,88,77,57,75,48,41,83,91,44,46,128,92,85,44,76,19,19,52,46,33,10,5,45,65,11,44,73,70,69,26,62,59,47,9,46,67,8,14,22,35,108,146,55,39,80,46,45,30,36,26,54,77,72,34,54,33,57,22,48,17,14,28,55,71,87,17,29,45,34,10,56,73,103,89,34,88,41,88,43,82,114,95,76,80,,73,92,89,88,88,84,93,97,85,99,113,108,82,96,97,99,65,45,77,43,,72,63,72,77,40,40,57,54,9,22,54,12,61,105,10,75,105,33,29,22,69,9,6,6,11,40,33,9,6,21,14,8,5,12,62,27,15,50,50,48,93,78,37,142,52,48,60,63,95,85,49,19,58,77,49,79,74,50,41,47,58,50,60,49,53,43,79,35,43,31,65,54,64,18,43,58,57,66,67,55,45,27,58,48,70,110,64,39,64,27,10,46,25,15,18,60,40,54,49,11,23,40,27,6,13,42,24,28,42,18,24,,15,55,30,44,16,17,25,25,,31,12,42,42,23,7,33,35,62,8,32,8,13,31,49,72,59,40,,69,51,40,70,12,60,47,19,39,52,42,81,78,13,21,33,18,8,69,69,64,65,45,93,41,46,76,78,51,68,61,36,78,14,31,59,40,84,72,55,,49,53,7,74,38
20210920,8,CO,0.48,0.76,0.43,0.67,0.36,0.90,0.31,0.20,0.57,0.47,0.37,0.53,0.40,0.54,0.58,1.04,0.63,0.50,0.76,0.66,0.76,0.62,0.54,0.87,0.69,0.45,0.58,0.69,0.97,0.65,0.53,0.80,0.65,0.67,0.59,0.52,0.59,0.73,0.68,0.43,0.53,0.57,0.67,0.43,0.84,0.70,0.44,0.63,0.89,0.36,0.75,0.94,0.79,0.72,0.54,0.58,0.54,0.55,0.50,0.57,0.57,0.47,0.70,0.54,0.76,0.84,0.60,0.60,0.33,0.40,1.42,1.40,0.60,0.56,0.77,0.73,0.71,0.66,0.88,0.55,1.03,0.80,0.65,0.67,0.60,0.68,0.82,0.91,0.48,0.11,0.48,0.73,0.82,0.68,0.30,0.93,0.54,0.67,0.45,0.64,0.63,0.57,0.75,0.70,0.55,0.80,0.82,0.65,0.37,0.55,0.73,0.70,2.02,0.58,0.32,0.78,0.74,0.53,0.82,1.10,0.54,0.25,0.50,0.87,0.92,0.73,0.67,1.82,0.98,0.78,0.78,0.80,0.78,0.83,1.13,0.93,0.63,0.62,0.65,0.76,0.30,0.70,0.70,1.00,0.73,0.60,0.63,0.62,0.42,0.55,0.53,0.40,0.43,0.60,0.37,0.65,0.43,0.78,0.28,0.57,0.95,0.70,0.60,0.55,0.30,0.45,0.30,,0.35,0.70,0.50,0.40,0.60,0.50,0.75,0.73,0.45,0.80,1.00,0.90,1.10,0.90,0.95,0.50,0.70,0.80,0.60,0.70,,0.63,0.97,0.63,0.60,0.68,1.08,0.58,0.67,0.47,1.83,0.25,0.35,0.95,0.38,0.30,0.20,0.35,0.58,1.30,0.60,0.43,0.53,1.10,2.25,0.85,0.45,0.45,0.43,0.50,0.80,0.83,1.82,0.75,1.33,0.70,0.30,0.45,0.80,0.77,0.80,0.82,0.65,0.37,0.63,0.92,0.63,0.88,0.90,0.80,0.63,0.55,1.27,0.53,0.43,0.75,0.73,0.75,0.53,0.50,0.86,0.57,1.00,0.55,0.60,1.38,1.02,0.53,1.08,0.95,0.90,0.88,0.80,1.42,0.70,0.93,1.20,0.82,1.25,0.93,0.67,0.90,0.80,0.88,0.55,1.07,0.53,0.45,0.95,1.00,0.60,0.93,0.67,0.63,0.73,0.68,0.53,0.73,0.55,0.63,0.50,0.63,0.47,0.80,1.15,0.70,0.60,0.57,0.37,0.50,0.88,0.25,,0.20,0.73,1.23,0.37,0.65,0.47,0.60,0.50,,0.55,0.75,0.80,0.70,0.45,0.60,0.65,0.40,0.30,0.50,0.65,0.65,0.95,0.65,0.50,0.45,0.60,1.50,,0.30,0.40,0.53,0.73,0.55,0.50,0.75,0.50,0.75,0.25,0.20,0.40,0.55,0.40,0.40,0.45,0.45,0.50,0.30,0.80,0.60,0.50,0.50,0.30,0.40,0.60,0.93,0.45,0.10,1.00,0.20,0.50,0.20,0.60,0.25,0.43,0.20,0.50,0.65,0.45,,0.65,0.80,0.55,0.43,0.40
20210920,8,CO_24h,0.59,1.04,0.38,0.98,0.52,0.63,0.41,0.36,0.68,0.65,0.50,0.73,0.42,0.50,0.61,1.63,0.61,0.47,0.57,0.61,0.76,0.56,0.51,0.56,0.69,0.48,0.57,0.67,0.80,0.75,0.47,0.58,0.73,0.67,0.59,0.48,0.64,0.63,0.65,0.47,0.57,0.57,0.63,0.43,0.71,0.65,0.38,0.57,0.73,0.34,0.83,0.80,0.64,0.64,0.50,0.48,0.47,0.43,0.38,0.50,0.50,0.46,0.65,0.48,0.69,0.66,0.52,0.47,0.30,0.45,0.70,1.00,0.57,0.59,0.75,0.58,0.73,0.58,1.14,0.55,1.03,0.85,0.58,0.49,0.62,0.70,0.67,0.74,0.42,0.20,0.47,0.73,0.70,0.42,0.34,0.50,0.54,0.59,0.43,0.54,0.53,0.53,0.70,0.50,0.53,0.70,0.66,0.55,0.57,0.55,0.58,0.77,1.10,0.67,0.50,1.38,0.94,0.75,0.92,0.85,0.50,0.33,0.42,0.72,0.88,0.54,0.75,1.12,0.90,0.78,0.80,0.75,0.77,0.77,0.94,0.77,0.57,0.54,0.60,0.76,0.30,0.67,0.70,0.98,0.70,0.47,0.55,0.52,0.45,0.55,0.50,0.43,0.50,0.37,0.57,0.40,0.40,0.80,0.46,0.43,0.50,0.70,0.60,0.45,0.30,0.45,0.35,,0.45,0.80,0.50,0.40,0.60,0.50,0.65,0.73,0.50,0.70,0.85,0.80,0.80,0.70,0.80,0.50,0.70,0.70,0.55,0.70,,0.67,0.90,0.47,0.88,0.60,0.60,0.72,0.63,0.50,1.05,0.17,0.40,0.50,0.45,0.33,0.20,0.30,0.78,1.35,0.77,0.75,0.55,1.05,1.10,0.70,0.45,0.40,0.43,0.35,0.63,0.73,0.75,0.63,0.67,0.45,0.20,0.40,0.65,0.65,0.72,1.05,0.55,0.47,0.60,0.86,0.47,0.80,0.73,0.77,0.55,0.47,1.00,0.50,0.40,0.60,0.55,0.82,1.20,0.50,0.84,0.60,0.75,0.57,0.50,1.46,0.97,0.53,1.03,0.97,0.84,0.75,0.77,1.22,0.87,0.85,1.07,0.74,1.20,0.83,0.50,0.83,0.80,0.68,0.40,0.82,0.40,0.47,0.90,0.68,0.55,0.80,0.60,0.70,0.58,0.58,0.60,0.63,0.45,0.67,0.45,0.60,0.37,0.53,0.70,0.50,0.50,0.57,0.43,0.53,0.60,0.30,,0.25,0.58,0.63,0.33,0.60,0.43,0.55,0.50,,0.55,0.70,0.55,0.55,0.40,0.60,0.65,0.40,0.35,0.40,0.55,0.70,0.90,0.65,0.45,0.40,0.50,0.85,,0.35,0.40,0.53,0.50,0.65,0.50,0.50,0.45,0.35,0.25,0.15,0.35,0.50,0.35,0.30,0.30,0.25,0.40,0.20,0.60,0.60,0.50,0.40,0.30,0.27,0.40,0.43,0.55,0.50,1.05,0.25,0.55,0.20,0.80,0.50,0.83,0.40,0.40,0.75,0.35,,0.45,0.70,0.50,0.65,0.40
20210920,9,AQI,22,25,14,26,26,19,25,19,20,25,28,26,22,27,19,24,31,53,40,35,16,46,41,14,17,13,54,43,38,36,11,33,20,48,24,28,36,61,42,24,20,38,69,49,15,46,42,18,14,33,25,15,20,26,20,13,25,23,25,31,22,22,38,18,34,44,33,30,20,18,55,40,35,77,22,21,32,31,20,13,25,24,54,21,26,21,13,13,16,24,27,15,15,13,27,12,25,36,20,25,32,23,25,26,23,20,42,44,17,25,19,22,108,22,12,24,32,15,23,62,41,27,26,14,13,17,24,30,27,25,19,27,39,17,20,18,29,33,29,15,20,30,22,31,20,34,42,25,18,30,28,23,24,18,22,36,40,56,65,72,31,13,26,32,31,29,28,,23,30,26,26,24,51,42,40,50,38,32,48,49,41,30,32,54,47,41,41,,16,28,57,24,53,36,30,27,38,102,28,28,59,27,23,31,53,31,30,30,27,57,52,39,41,22,25,31,53,33,40,25,41,46,17,39,16,22,22,18,18,17,18,17,20,22,24,22,18,17,46,54,37,25,27,23,18,20,25,26,35,24,33,54,45,44,25,25,19,35,21,18,15,21,39,19,20,15,14,17,14,21,18,17,18,29,20,19,19,16,57,38,22,46,40,13,39,12,23,24,19,36,34,33,33,38,34,19,18,14,27,,25,16,37,31,18,24,16,24,,13,16,30,14,11,18,30,27,14,21,24,25,13,31,18,60,43,88,,20,17,19,35,13,14,34,31,67,39,26,57,34,29,44,51,36,36,18,29,31,42,33,27,49,43,20,58,100,79,55,61,58,108,139,42,14,26,60,89,,49,19,29,27,23
20210920,9,PM2.5,3,1,9,7,5,6,7,11,13,9,10,5,6,13,12,15,5,18,12,22,8,30,29,7,6,6,36,27,23,25,7,15,10,29,14,13,23,35,29,12,9,25,38,24,5,25,26,5,4,9,13,10,5,12,8,9,10,6,7,14,10,9,22,7,17,26,13,21,9,8,22,27,14,25,4,5,15,19,10,9,15,6,28,15,3,3,6,9,7,4,5,3,6,9,8,7,10,25,10,7,17,13,12,10,11,14,28,19,8,4,10,9,81,12,6,10,18,8,4,33,11,13,13,8,8,9,17,12,14,14,11,13,25,10,7,3,20,20,10,8,8,15,11,18,12,20,16,16,11,21,14,8,10,8,6,7,15,24,12,33,22,5,3,8,7,20,4,,4,2,12,8,6,36,25,28,28,23,6,32,34,29,16,20,38,24,26,28,,7,9,34,6,27,25,21,11,20,33,17,13,25,11,16,20,19,22,16,15,19,21,32,17,16,6,16,13,17,12,21,15,26,30,7,13,11,14,12,9,9,3,8,6,14,8,3,9,3,4,32,38,26,13,17,10,8,11,10,9,18,10,18,35,29,31,10,16,10,24,7,11,6,10,27,11,14,3,8,9,7,7,5,7,7,13,14,8,9,6,23,18,8,20,20,5,20,4,11,17,11,15,14,16,13,20,14,8,10,7,17,,9,9,17,22,5,16,5,16,,2,11,21,5,8,8,17,19,9,11,10,16,9,12,8,30,17,65,,11,8,9,13,9,8,12,10,23,19,9,20,10,6,8,28,10,25,11,19,22,20,14,13,21,20,9,21,35,30,13,23,22,62,51,13,8,5,20,34,,22,7,10,6,11
20210920,9,PM2.5_24h,12,12,10,21,14,4,15,22,20,17,9,9,5,9,18,40,12,16,12,24,35,26,27,13,20,32,28,33,30,32,26,18,28,39,18,18,30,36,26,19,13,25,32,24,21,18,18,23,8,6,9,14,15,8,6,7,6,4,6,10,11,6,21,7,13,12,6,10,6,7,18,17,16,24,16,19,15,15,27,11,30,19,20,14,3,6,7,12,19,6,11,15,9,12,9,6,10,17,7,5,16,14,11,7,8,17,18,11,6,4,14,7,28,8,18,29,24,12,28,21,11,16,12,34,37,24,12,4,8,14,11,8,25,20,16,6,14,19,8,19,7,13,9,19,12,12,12,12,9,13,8,6,8,8,5,6,14,19,18,30,14,7,4,7,7,12,8,,10,11,5,7,7,30,23,26,28,24,37,28,36,35,36,21,37,28,28,37,,17,8,24,7,14,13,13,9,10,25,20,17,19,19,15,11,22,32,26,26,38,22,23,15,13,11,15,12,12,16,23,11,16,17,10,9,13,23,24,20,28,24,26,32,21,20,17,16,26,31,18,31,24,16,14,28,19,31,17,12,20,29,22,31,12,17,6,12,9,9,11,11,25,9,12,31,16,11,25,14,13,5,19,18,8,14,18,10,19,7,18,16,17,18,19,12,18,12,24,17,10,9,11,10,12,14,11,7,8,7,15,,5,7,10,8,6,8,8,10,,3,11,18,8,10,12,8,15,10,7,10,12,9,12,7,11,8,24,,6,7,9,11,6,5,9,11,13,17,8,17,8,11,7,24,8,24,11,19,20,20,8,13,18,15,9,20,27,28,17,26,25,66,55,32,15,11,35,29,,18,29,8,15,7
20210920,9,PM10,3,2,12,8,7,10,8,8,13,15,6,3,6,27,19,24,20,55,40,35,16,46,36,14,11,13,58,43,38,32,4,33,20,48,24,28,36,71,42,24,20,38,87,49,11,46,42,18,4,27,25,12,10,26,20,12,25,23,25,31,22,22,38,18,34,44,33,25,20,18,59,40,35,103,5,3,32,31,20,13,15,10,57,20,2,5,10,11,13,17,7,7,6,11,27,12,25,27,20,25,32,23,25,26,23,19,42,44,10,5,18,20,85,19,11,24,32,15,7,74,41,27,26,9,4,13,24,30,27,25,19,27,39,17,11,5,16,33,29,14,20,30,22,31,20,34,42,25,18,27,28,23,24,18,22,36,40,61,79,93,26,5,16,25,10,10,13,,8,2,22,22,19,50,42,40,50,38,32,48,47,39,30,32,54,47,41,41,,15,28,64,24,56,32,25,27,38,154,28,28,67,20,22,31,56,29,30,30,5,63,53,39,41,22,25,31,56,33,40,25,41,46,17,39,9,14,22,15,13,3,18,5,20,22,6,22,7,11,41,50,33,25,27,23,10,20,25,26,35,24,33,57,45,44,5,25,19,35,21,16,9,21,27,19,18,14,12,17,14,21,8,8,12,29,11,19,7,16,64,38,22,46,40,11,39,11,23,17,19,36,34,33,33,38,34,19,18,14,27,,25,16,37,25,18,24,16,24,,13,14,24,14,10,18,14,18,13,21,24,25,10,31,18,69,43,111,,20,17,19,35,11,14,34,31,84,39,26,64,34,29,44,51,36,32,11,29,23,42,33,27,49,43,18,65,150,107,59,72,66,166,227,42,14,24,69,127,,49,19,29,10,23
20210920,9,PM10_24h,12,18,12,28,31,6,18,27,33,26,11,6,8,15,40,76,23,45,30,38,61,42,41,31,38,66,50,53,54,56,49,35,51,67,30,36,51,69,43,32,25,42,65,37,53,37,29,54,10,20,14,26,29,20,16,12,18,13,17,24,23,14,37,19,25,23,23,18,18,16,47,32,43,86,29,24,31,25,43,23,29,28,40,30,3,7,9,12,36,18,17,25,7,23,20,11,22,26,15,19,27,23,32,16,16,33,30,24,11,4,23,12,28,12,46,56,50,26,38,46,31,33,16,56,62,43,15,12,13,21,17,15,38,33,26,16,23,31,20,31,16,26,18,20,15,21,35,20,15,17,18,16,20,19,15,31,44,53,69,103,17,10,10,22,14,20,14,,17,16,15,14,17,50,47,42,52,41,55,48,54,53,63,33,65,64,44,56,,26,18,40,16,24,17,16,18,28,97,35,40,56,34,24,36,42,62,54,57,63,53,42,32,41,25,23,28,34,28,47,21,33,23,14,21,24,46,47,36,53,45,41,59,32,40,40,29,42,50,30,46,37,28,32,52,27,54,31,29,40,55,42,50,18,23,4,16,13,14,17,14,49,18,14,61,21,24,60,30,20,19,33,27,17,27,29,19,29,15,44,32,36,43,34,23,33,23,40,35,20,18,23,22,20,24,24,15,16,15,24,,27,12,18,13,18,12,19,15,,11,12,19,16,12,14,15,17,13,16,13,19,15,27,15,28,22,46,,16,17,20,19,14,13,26,26,41,39,21,55,24,27,35,39,24,36,14,25,30,32,22,27,54,45,20,72,97,94,82,84,102,194,178,99,67,40,86,101,,37,78,16,24,16
20210920,9,SO2,2,5,4,4,4,8,5,4,9,2,8,6,3,6,9,9,7,6,10,6,3,6,7,7,6,7,6,6,5,5,3,4,4,6,8,5,7,7,7,4,6,4,8,6,5,6,11,5,5,5,7,6,5,7,6,5,11,4,6,7,8,9,9,5,14,6,8,9,9,6,18,16,8,16,4,6,18,8,7,6,8,11,25,4,4,5,6,6,7,6,4,5,5,5,4,8,13,8,15,14,8,7,6,7,12,5,14,35,6,4,14,10,10,6,7,6,10,10,10,15,6,6,5,8,7,7,4,9,6,10,6,5,6,8,8,7,2,49,13,12,4,9,7,18,8,7,6,4,5,9,9,5,4,21,6,4,5,9,7,6,10,5,3,5,4,8,8,,6,5,3,4,6,10,12,9,8,9,5,10,7,5,8,11,5,2,6,6,,6,8,14,6,41,6,5,12,9,42,3,4,11,17,3,12,6,10,14,4,7,9,17,20,13,4,8,8,9,12,6,9,11,3,5,13,7,5,6,7,7,8,7,7,7,3,5,3,5,6,11,14,5,9,6,8,8,6,5,13,12,12,9,13,10,7,5,11,5,9,7,7,13,7,7,7,2,5,10,7,7,8,6,9,2,6,7,4,2,4,21,8,10,6,27,6,14,8,7,21,7,9,15,9,13,6,5,7,5,7,11,,8,11,8,8,2,6,14,5,,3,7,33,6,8,9,91,6,8,8,8,5,4,11,10,7,5,11,,8,10,11,25,8,10,101,10,6,15,5,5,11,7,16,5,8,14,6,8,16,14,8,14,9,11,6,9,6,28,11,7,4,8,6,10,11,4,11,17,,20,3,35,6,8
20210920,9,SO2_24h,3,6,3,4,7,4,4,5,12,2,4,7,3,5,8,17,6,6,8,6,5,5,6,6,6,11,5,7,6,7,4,4,6,7,7,4,7,9,7,5,6,4,5,6,5,5,6,11,5,5,4,7,6,6,6,5,7,3,5,6,6,8,7,3,8,5,6,8,8,5,11,14,8,11,9,6,12,7,8,7,10,13,10,5,4,6,6,5,9,6,3,5,5,4,4,7,9,8,6,10,6,7,6,6,7,6,6,12,7,4,10,9,5,6,15,9,14,12,16,18,5,4,5,9,7,9,3,7,5,5,6,6,7,8,9,7,2,15,7,7,4,8,8,14,9,4,6,4,5,6,7,3,4,6,5,4,8,16,7,5,8,5,3,5,4,8,7,,7,5,5,5,6,9,10,8,8,9,6,7,9,7,9,7,7,2,6,6,,6,8,7,5,10,6,4,10,9,32,5,4,8,18,2,14,6,15,16,9,12,9,12,14,13,4,7,7,7,9,6,6,8,6,5,8,6,8,6,6,11,7,8,8,9,4,5,3,6,6,6,6,5,7,5,14,12,37,4,9,10,9,6,13,9,5,5,8,5,8,7,7,13,6,6,10,2,5,11,7,6,7,11,9,3,16,7,4,8,4,12,10,8,5,18,9,10,8,24,12,7,7,8,10,9,4,6,7,5,6,11,,8,8,5,7,2,6,7,5,,4,7,15,7,8,6,15,8,6,8,6,9,4,9,9,7,5,9,,8,9,8,7,9,7,33,10,5,10,4,7,8,6,11,5,7,11,6,9,14,9,8,14,9,9,5,7,9,20,12,8,4,6,10,11,12,4,12,18,,12,8,14,6,7
20210920,9,NO2,9,10,25,16,9,16,13,17,17,14,7,12,13,23,22,25,8,25,24,19,12,24,25,16,11,11,19,20,25,17,11,14,10,22,16,19,14,31,21,9,18,15,43,13,16,17,20,12,13,6,16,22,14,22,15,12,24,15,15,16,12,20,18,11,26,37,19,13,25,13,44,28,23,35,14,15,23,22,20,19,16,14,29,14,9,10,7,16,15,10,9,12,11,15,9,12,14,15,11,8,14,12,12,12,17,10,14,19,10,12,18,12,25,25,24,26,20,19,12,39,26,12,9,15,14,16,11,22,24,14,17,29,14,12,13,14,11,15,11,14,6,24,20,22,19,27,24,24,9,19,18,14,14,18,13,27,13,26,5,66,28,15,12,5,15,7,10,,11,6,6,6,6,29,24,20,21,24,12,34,21,16,13,34,29,20,14,16,,10,7,20,14,41,21,13,20,23,57,14,12,18,15,15,7,29,14,33,22,9,35,27,23,26,13,15,17,24,28,20,11,30,22,19,17,10,6,8,12,14,10,5,9,8,4,11,9,13,16,13,27,13,12,16,15,9,9,10,11,10,16,13,21,24,20,10,15,12,13,13,6,22,14,11,18,12,9,18,14,12,4,11,9,10,8,10,11,11,8,31,14,11,26,14,7,15,12,8,8,18,20,38,25,34,21,27,10,13,28,6,,24,16,24,8,10,11,15,24,,6,8,10,17,10,10,12,13,10,8,12,13,9,12,6,27,20,31,,29,8,14,30,6,13,27,16,55,31,34,34,15,25,21,25,21,30,19,7,21,31,16,7,31,31,27,34,32,31,31,16,7,27,30,18,7,5,34,39,,38,5,7,13,14
20210920,9,NO2_24h,14,18,12,25,18,10,15,17,29,18,15,16,11,23,26,39,17,27,21,16,16,15,14,11,17,22,16,22,20,19,13,9,15,29,15,21,18,25,18,10,12,18,25,10,17,14,14,14,26,7,20,15,9,20,12,10,16,9,14,18,11,16,20,15,26,28,19,15,16,15,43,32,24,38,13,11,25,17,23,15,20,22,19,14,9,18,9,25,16,17,12,16,14,5,13,6,14,10,7,8,12,6,13,9,18,10,10,12,12,15,17,15,28,28,30,23,28,19,23,28,21,14,14,20,18,14,14,17,18,20,23,25,19,11,9,9,12,11,7,11,6,25,23,22,18,19,26,13,13,17,18,10,22,16,21,10,11,28,23,33,15,36,10,3,19,13,11,,16,9,10,10,8,22,21,21,22,20,13,23,17,14,17,16,25,27,18,19,,13,8,14,17,31,23,11,19,26,35,13,22,17,22,12,14,9,26,28,29,20,34,23,19,20,14,10,15,23,12,16,9,21,20,13,18,13,8,12,14,20,17,9,15,10,10,12,8,13,17,8,20,13,10,10,13,12,19,12,11,8,14,11,16,19,21,10,21,15,14,15,10,17,14,13,16,10,9,14,9,10,5,10,9,7,10,8,10,12,6,24,12,14,19,13,6,13,12,12,14,18,13,25,23,27,13,25,17,15,19,7,,26,8,19,6,10,11,14,15,,6,7,12,8,8,10,12,7,8,9,12,15,10,12,5,19,14,20,,13,7,12,29,11,11,24,17,33,24,28,21,10,26,24,19,16,33,9,4,16,15,12,9,21,21,18,27,43,40,27,26,13,38,33,38,13,14,46,39,,28,18,9,17,13
20210920,9,O3,69,79,45,83,83,62,79,61,65,79,88,84,69,39,61,23,100,8,22,75,37,67,61,32,53,40,61,60,29,51,35,63,40,75,68,52,81,45,80,44,46,74,19,66,47,52,58,42,45,106,56,49,63,18,18,15,17,18,24,38,35,16,25,13,22,21,20,47,47,49,19,16,43,71,69,67,41,60,60,30,80,76,61,36,82,68,43,27,52,76,86,49,47,30,85,32,24,54,20,17,52,36,40,18,17,47,56,13,55,80,61,71,27,69,33,47,16,39,75,15,26,25,39,44,42,54,55,50,29,61,41,18,24,37,64,58,35,43,15,49,25,19,25,10,16,27,42,43,33,44,37,31,19,40,63,77,94,23,83,14,29,40,84,102,100,69,91,,72,96,83,84,76,72,79,79,71,75,32,66,44,51,46,61,60,58,62,77,,52,43,57,76,32,28,43,53,26,11,33,23,53,85,20,70,70,39,30,22,52,7,11,9,15,29,24,28,19,26,26,10,17,20,48,14,26,69,68,58,59,55,54,54,57,62,77,39,58,53,96,31,47,44,40,36,56,54,54,46,61,40,41,57,35,27,79,44,45,34,59,57,48,26,46,44,40,49,46,44,37,23,56,53,59,39,42,40,62,20,14,18,21,18,26,42,22,37,44,25,22,27,28,9,26,34,10,23,29,26,10,,15,29,29,32,17,25,29,13,,21,10,41,31,14,7,30,33,44,12,35,6,12,33,29,40,26,24,,38,32,35,40,19,39,44,21,9,34,38,64,55,16,24,14,22,18,57,61,54,42,34,77,28,24,64,51,88,67,38,40,88,31,39,58,40,83,68,36,,37,51,13,86,35
20210920,9,O3_24h,79,86,92,88,104,96,92,96,79,85,97,89,92,90,91,122,110,121,50,162,216,186,220,128,158,250,219,212,228,238,173,135,188,221,150,150,179,270,203,144,143,168,168,152,158,122,156,168,77,113,81,144,119,135,65,37,123,51,91,120,84,115,94,37,101,126,71,58,113,108,94,101,105,161,115,133,107,112,131,83,148,106,160,138,92,64,97,66,158,91,99,78,95,130,97,110,112,114,47,58,109,100,76,58,180,123,130,87,65,80,99,96,77,98,86,95,116,78,97,128,63,97,73,193,195,170,71,89,83,64,76,69,54,85,135,77,70,84,97,97,59,171,113,77,95,121,157,103,73,70,100,106,98,124,107,111,118,114,118,123,102,54,84,127,107,84,91,,84,99,99,90,116,198,192,230,209,209,216,241,226,224,224,179,128,138,144,193,,79,67,153,96,82,97,75,86,74,119,126,78,128,106,71,91,125,154,95,146,98,136,110,84,100,74,71,106,64,66,51,65,54,42,72,59,65,179,193,141,163,150,130,197,160,169,144,135,158,180,139,153,117,97,124,122,141,121,118,100,125,171,117,148,84,85,84,76,81,74,77,72,182,64,68,201,67,135,210,122,103,71,125,82,120,121,91,68,88,62,113,79,93,116,91,105,99,66,100,91,97,109,118,124,115,100,84,124,98,114,109,,103,103,70,74,53,85,67,42,,52,55,94,90,39,46,46,45,63,81,76,40,58,104,104,116,126,124,,126,111,125,92,86,102,92,121,108,119,107,122,101,123,107,108,115,110,120,123,116,119,116,119,107,102,108,132,108,158,113,110,105,106,120,140,77,103,145,158,,112,154,48,91,91
20210920,9,O3_8h,66,78,70,81,92,80,79,74,61,75,82,78,80,28,43,17,100,8,22,77,62,65,67,78,47,62,63,65,58,57,49,83,41,43,75,30,80,34,76,48,73,60,34,49,39,31,51,45,39,95,42,57,71,11,11,14,8,7,10,21,26,9,17,5,16,15,11,42,58,49,14,21,43,72,68,73,48,69,54,54,53,66,31,49,71,60,54,35,42,82,93,46,29,99,90,72,24,57,16,12,34,42,23,7,6,37,41,6,47,74,51,57,17,39,48,45,8,38,66,7,11,21,30,44,58,43,40,60,25,49,30,20,23,39,66,62,29,46,20,48,20,21,17,10,12,27,40,51,20,27,33,33,12,41,60,87,91,19,86,36,76,29,81,113,96,72,82,,72,93,85,88,82,69,77,81,74,79,50,79,44,58,54,70,49,27,51,49,,53,34,37,68,26,24,51,40,10,14,40,13,53,62,9,71,95,36,27,13,47,8,6,5,10,24,26,11,7,18,15,7,6,13,52,11,16,53,54,49,44,59,33,63,51,51,63,58,55,66,50,11,30,43,31,51,49,47,45,41,55,46,44,42,31,24,79,27,33,31,64,51,63,19,35,56,38,57,63,49,32,23,56,49,63,81,52,39,62,19,6,24,22,11,14,53,20,43,32,8,17,24,20,4,11,37,14,26,28,16,11,,16,37,24,27,13,16,24,23,,20,8,30,36,17,7,33,35,49,7,21,6,12,29,37,50,33,32,,55,39,33,28,12,38,48,15,34,52,36,72,61,14,22,17,18,10,65,60,58,43,39,83,22,30,61,67,34,52,50,40,81,17,32,63,41,71,64,24,,44,52,5,77,30
20210920,9,O3_8h_24h,67,78,83,83,99,91,89,80,72,75,89,78,91,48,46,44,100,22,27,91,131,85,88,121,47,117,85,93,107,72,95,111,138,45,93,50,96,56,83,76,89,63,51,77,39,40,58,53,48,95,43,72,72,14,22,23,11,11,10,27,47,19,27,7,22,24,13,43,77,53,22,27,51,78,69,73,71,90,56,81,65,66,37,88,77,59,75,48,43,83,93,46,47,128,92,85,44,76,19,19,52,46,33,11,6,45,65,11,47,74,74,69,26,62,59,48,9,47,70,8,15,22,36,108,146,55,41,80,46,49,31,36,26,54,71,72,34,54,33,57,22,48,20,15,28,55,71,87,20,31,45,35,12,56,73,103,91,34,90,41,88,43,82,114,96,76,82,,73,93,89,88,88,84,93,97,85,99,113,108,82,96,97,99,65,45,77,49,,72,63,72,77,40,40,57,54,22,22,54,13,61,105,10,75,105,36,31,22,69,9,6,6,12,40,33,11,7,21,16,9,6,13,62,27,16,53,54,49,93,78,38,142,52,51,63,63,95,85,52,20,58,77,49,79,74,51,45,47,58,50,60,49,53,43,79,36,43,32,65,54,64,19,44,58,57,66,67,55,45,27,58,49,70,110,64,40,62,27,10,46,26,15,18,60,40,54,49,13,23,40,27,6,13,42,24,29,42,19,24,,16,55,27,44,16,17,26,34,,31,12,42,42,23,7,33,35,62,8,32,8,13,31,49,72,59,40,,69,51,40,70,12,60,49,19,39,53,42,81,78,14,22,33,18,10,69,69,64,65,45,93,41,46,76,78,58,68,61,40,81,17,34,63,41,84,72,55,,49,53,7,77,38
20210920,9,CO,0.47,0.79,0.49,0.75,0.34,0.97,0.30,0.28,0.53,0.47,0.43,0.50,0.40,0.60,0.54,0.87,0.62,0.58,0.69,0.66,0.81,0.62,0.56,0.80,0.66,0.50,0.68,0.66,0.95,0.55,0.52,0.75,0.68,0.64,0.61,0.48,0.59,0.73,0.68,0.38,0.50,0.60,0.73,0.43,0.84,0.70,0.48,0.66,0.88,0.40,0.77,0.94,0.80,0.71,0.53,0.60,0.59,0.55,0.53,0.55,0.57,0.45,0.71,0.45,0.74,0.81,0.59,0.55,0.38,0.39,1.44,1.50,0.63,0.75,0.77,0.78,0.92,0.62,0.96,0.58,0.93,0.95,0.65,0.71,0.52,0.60,0.75,0.94,0.43,0.13,0.55,0.80,0.90,0.86,0.30,0.82,0.58,0.69,0.45,0.64,0.63,0.57,0.75,0.67,0.55,0.80,0.76,0.65,0.40,0.53,0.87,0.70,2.64,0.53,0.32,0.97,0.88,0.57,0.76,1.22,0.56,0.27,0.47,0.87,1.00,0.79,0.61,1.92,0.97,0.78,0.72,0.78,0.75,0.83,1.13,0.93,0.67,0.62,0.70,1.03,0.30,0.65,0.66,1.30,0.70,0.65,0.63,0.70,0.42,0.65,0.55,0.43,0.47,0.56,0.37,0.60,0.40,0.67,0.28,0.73,1.00,0.80,0.70,0.55,0.40,0.45,0.35,,0.35,0.70,0.50,0.30,0.60,0.50,0.75,0.73,0.45,0.70,1.00,1.00,1.00,0.85,0.70,0.50,0.70,0.70,0.50,0.65,,0.63,0.90,0.53,0.60,0.68,1.05,0.56,0.63,0.45,1.77,0.23,0.30,0.80,0.30,0.37,0.20,0.45,0.63,1.28,0.50,0.53,0.57,1.05,1.30,0.80,0.45,0.50,0.50,0.40,0.67,0.43,1.98,0.65,1.03,0.60,0.30,0.45,0.72,0.73,0.75,0.73,0.68,0.37,0.70,0.96,0.53,0.82,0.93,0.77,0.70,0.47,1.03,0.60,0.47,0.75,0.77,0.80,0.57,0.63,0.84,0.63,0.93,0.63,0.60,1.20,1.05,0.53,0.97,1.00,0.90,0.85,0.80,1.46,0.70,0.93,1.10,0.84,1.25,0.97,0.67,0.93,0.83,0.90,0.70,1.07,0.70,0.50,0.98,0.88,0.70,1.00,0.70,0.63,0.85,0.68,0.53,0.70,0.55,0.57,0.50,0.63,0.47,0.77,1.10,0.67,0.70,0.60,0.43,0.47,0.80,0.25,,0.35,0.72,1.43,0.37,0.60,0.53,0.60,0.70,,0.55,0.80,0.70,0.70,0.50,0.60,0.65,0.47,0.30,0.45,0.65,0.70,1.00,0.65,0.45,0.50,0.70,1.70,,0.55,0.45,0.63,0.57,0.55,0.45,0.75,0.55,1.30,0.35,0.25,0.35,0.55,0.50,0.40,0.50,0.40,0.60,0.30,0.80,0.70,0.80,0.50,0.40,0.43,0.55,0.57,0.55,0.10,1.00,0.15,0.35,0.20,0.67,0.35,0.43,0.20,0.40,0.70,0.50,,0.60,0.80,0.55,0.42,0.43
20210920,9,CO_24h,0.58,1.03,0.38,0.99,0.52,0.65,0.41,0.36,0.68,0.65,0.50,0.73,0.42,0.50,0.61,1.60,0.60,0.49,0.57,0.61,0.78,0.56,0.53,0.61,0.67,0.50,0.57,0.67,0.80,0.75,0.47,0.58,0.73,0.67,0.59,0.48,0.63,0.63,0.65,0.47,0.53,0.57,0.63,0.43,0.72,0.65,0.38,0.57,0.74,0.33,0.83,0.80,0.64,0.64,0.50,0.50,0.47,0.43,0.38,0.50,0.50,0.44,0.65,0.48,0.69,0.68,0.52,0.47,0.30,0.45,0.73,1.03,0.57,0.60,0.77,0.58,0.73,0.58,1.10,0.55,1.00,0.85,0.58,0.49,0.62,0.70,0.67,0.74,0.42,0.19,0.47,0.73,0.70,0.46,0.32,0.50,0.52,0.59,0.42,0.54,0.53,0.53,0.70,0.50,0.50,0.70,0.66,0.60,0.53,0.55,0.58,0.78,1.18,0.67,0.46,1.30,0.92,0.72,0.88,0.88,0.50,0.30,0.42,0.72,0.88,0.53,0.75,1.16,0.92,0.78,0.80,0.75,0.77,0.77,0.98,0.77,0.53,0.54,0.60,0.76,0.30,0.67,0.70,0.98,0.70,0.47,0.55,0.52,0.45,0.55,0.50,0.40,0.50,0.37,0.57,0.45,0.40,0.80,0.46,0.43,0.50,0.70,0.60,0.45,0.30,0.45,0.35,,0.45,0.75,0.50,0.40,0.60,0.50,0.65,0.73,0.50,0.70,0.90,0.80,0.80,0.70,0.75,0.50,0.70,0.70,0.50,0.70,,0.67,0.90,0.43,0.86,0.60,0.65,0.70,0.63,0.50,1.05,0.17,0.40,0.50,0.43,0.33,0.20,0.30,0.74,1.38,0.77,0.72,0.55,1.05,1.10,0.75,0.45,0.40,0.43,0.38,0.63,0.73,0.82,0.65,0.67,0.45,0.20,0.40,0.65,0.65,0.72,1.03,0.55,0.47,0.60,0.86,0.47,0.80,0.73,0.77,0.55,0.47,0.97,0.50,0.40,0.60,0.57,0.72,1.13,0.50,0.82,0.60,0.75,0.57,0.50,1.40,1.00,0.53,1.05,1.00,0.88,0.75,0.80,1.22,0.87,0.85,1.03,0.74,1.20,0.83,0.50,0.83,0.80,0.70,0.40,0.82,0.43,0.47,0.90,0.70,0.55,0.80,0.60,0.70,0.58,0.60,0.60,0.63,0.45,0.67,0.45,0.60,0.37,0.53,0.75,0.47,0.50,0.57,0.43,0.50,0.60,0.30,,0.25,0.58,0.65,0.33,0.60,0.43,0.55,0.50,,0.55,0.70,0.60,0.55,0.40,0.60,0.65,0.40,0.35,0.40,0.60,0.70,0.95,0.65,0.45,0.40,0.50,0.90,,0.35,0.40,0.53,0.53,0.65,0.45,0.50,0.45,0.40,0.25,0.15,0.35,0.50,0.35,0.30,0.30,0.25,0.40,0.20,0.70,0.60,0.50,0.40,0.30,0.27,0.40,0.43,0.55,0.55,1.05,0.25,0.50,0.20,0.80,0.50,0.83,0.30,0.40,0.75,0.35,,0.45,0.70,0.45,0.65,0.40
20210920,10,AQI,22,24,15,26,26,21,23,23,21,24,26,27,24,29,23,23,30,57,51,39,15,50,43,21,19,13,60,28,26,21,13,18,21,46,26,39,37,58,44,27,19,42,79,48,20,46,34,23,15,32,31,17,19,23,17,12,34,20,24,28,32,17,37,23,31,42,35,23,39,22,61,47,41,79,18,22,32,36,20,14,33,24,51,14,28,21,16,12,18,24,17,17,16,20,30,14,27,27,27,28,35,27,26,20,22,43,42,50,17,28,30,25,116,24,12,21,25,17,25,65,46,29,16,17,17,21,23,25,23,23,18,27,32,18,22,20,21,31,26,22,16,28,24,37,16,32,44,29,20,29,30,34,21,26,27,42,42,58,58,99,29,15,28,25,29,40,28,,24,30,27,26,26,56,53,48,58,41,30,32,27,19,28,45,51,48,42,40,,19,29,53,27,55,29,30,26,38,116,30,27,56,35,23,33,48,26,32,21,23,57,52,42,34,20,23,41,45,32,25,25,39,56,21,30,14,24,24,21,20,18,20,17,21,21,27,29,22,20,43,55,38,29,37,21,16,19,20,23,41,23,37,54,40,43,22,28,22,38,25,21,16,23,49,24,24,18,18,18,15,21,20,17,18,30,16,18,18,19,60,32,26,49,41,13,42,13,21,26,19,41,33,38,27,38,36,21,15,20,25,,35,18,45,26,17,23,16,26,,17,16,33,22,16,20,42,40,15,13,16,30,16,32,13,69,40,77,,60,16,31,31,17,28,41,28,83,45,29,66,34,47,43,52,39,41,28,31,39,54,36,28,45,54,27,74,80,72,60,66,58,95,149,49,30,71,62,77,,28,22,20,27,25
20210920,10,PM2.5,3,1,7,7,5,9,8,10,13,11,9,6,4,14,9,14,6,20,14,23,6,35,30,15,6,3,42,17,18,15,9,6,15,27,15,19,23,24,30,14,8,26,41,24,5,26,20,4,4,6,13,8,5,10,6,7,9,8,7,14,7,6,20,7,15,24,16,16,19,9,24,32,14,32,5,5,18,20,11,9,23,5,27,10,3,2,5,8,6,3,5,3,5,14,11,7,12,19,13,9,12,12,10,7,11,14,23,24,6,2,10,11,88,10,4,5,11,8,5,34,12,10,10,8,8,5,15,10,12,12,7,12,18,10,12,3,13,14,18,9,7,14,13,19,9,21,16,19,11,19,13,9,9,9,7,7,14,26,13,34,20,2,2,7,8,28,4,,5,4,7,8,6,40,30,32,40,25,3,21,18,13,14,24,36,23,28,27,,7,10,31,7,30,20,21,11,23,40,19,13,17,11,11,22,19,18,15,12,16,26,32,16,18,7,14,13,13,12,13,17,27,34,7,10,10,12,14,9,7,3,5,8,12,8,3,12,2,3,23,29,23,12,17,14,8,10,6,8,21,8,19,33,25,30,11,13,13,23,4,11,7,10,34,13,17,4,8,7,9,7,6,8,7,16,11,9,10,8,25,17,10,18,20,6,20,5,15,15,10,18,11,20,10,19,6,10,8,6,14,,8,10,26,18,8,14,6,18,,4,10,23,7,9,14,15,28,6,8,7,15,11,14,7,50,15,48,,28,7,9,13,7,9,13,13,24,21,8,22,9,11,6,27,10,29,12,22,27,30,13,18,15,24,8,25,29,27,18,29,17,52,53,11,6,19,22,34,,17,9,8,4,11
20210920,10,PM2.5_24h,11,11,9,19,13,4,14,22,19,17,9,9,5,9,17,40,11,16,12,24,34,26,27,13,19,32,28,32,30,32,26,18,27,38,18,18,29,35,26,19,13,25,32,24,20,18,18,22,8,6,9,13,14,8,6,7,6,4,6,10,11,6,21,7,14,13,7,10,7,7,18,18,16,25,15,18,15,15,26,11,28,18,21,13,3,5,7,11,18,6,10,14,9,12,9,6,10,17,8,5,16,14,11,7,8,17,18,11,6,3,13,7,30,9,18,27,24,11,26,22,11,16,11,32,36,23,12,5,9,14,11,8,24,17,15,5,14,19,7,18,7,13,9,19,12,12,12,12,9,13,8,7,8,8,6,6,14,19,18,30,15,6,4,7,6,12,8,,9,10,5,6,7,30,23,26,28,24,36,28,35,34,35,21,37,27,28,37,,16,7,24,7,14,14,14,9,10,24,20,17,19,19,15,12,22,30,26,26,37,23,24,14,13,10,15,12,12,16,22,12,16,17,10,9,14,23,24,19,27,23,25,31,20,19,16,15,24,30,18,31,25,16,14,27,17,29,16,12,19,27,22,30,14,18,7,12,10,9,10,11,24,9,13,29,14,10,24,13,12,4,19,17,8,14,18,10,17,7,18,16,16,17,19,12,18,12,23,17,10,10,11,11,12,14,10,8,8,7,16,,5,7,10,9,7,9,9,10,,3,11,18,8,10,12,9,16,9,7,10,12,9,12,7,12,8,24,,7,7,9,12,7,5,9,12,13,17,8,17,8,11,7,24,9,24,11,20,20,20,8,13,18,15,9,20,27,28,17,26,24,65,55,31,14,12,34,30,,18,27,8,14,7
20210920,10,PM10,5,2,10,8,6,13,8,14,9,21,7,4,5,29,20,23,20,63,52,39,12,50,42,20,14,9,70,28,18,21,5,16,20,46,25,39,37,66,44,27,19,42,107,48,14,46,34,23,4,21,31,15,12,23,17,12,34,20,24,28,32,17,37,23,31,42,35,20,39,22,72,47,41,107,9,6,32,36,17,14,11,16,51,14,3,7,7,12,9,13,7,10,4,19,30,10,27,27,27,28,35,27,26,20,22,43,42,50,10,3,20,18,93,18,12,19,25,17,4,80,46,29,16,11,8,14,23,25,23,21,15,27,32,18,7,7,21,31,26,22,16,28,24,37,16,32,44,29,20,29,30,34,21,26,27,42,42,65,66,148,23,5,23,10,14,10,9,,6,5,27,22,26,55,55,48,65,41,30,32,27,19,28,45,40,48,42,40,,10,29,56,24,60,29,30,26,38,182,30,27,62,19,23,33,48,25,32,21,5,63,54,42,34,20,23,41,45,32,25,25,38,61,21,30,9,16,21,18,11,6,15,7,16,21,10,29,5,9,43,60,38,29,37,21,11,19,20,23,41,23,37,58,40,38,8,28,22,38,11,16,13,23,28,24,20,16,18,18,15,21,11,9,13,30,10,18,11,19,70,32,26,49,41,9,42,13,16,26,19,41,33,38,27,38,36,21,15,14,25,,35,18,45,23,17,23,16,26,,17,16,29,22,16,19,42,26,10,13,16,30,11,32,13,75,40,104,,70,16,31,31,17,28,32,28,115,45,29,81,34,47,43,54,39,36,13,29,31,58,36,28,45,57,21,98,110,93,70,81,65,139,248,49,30,91,74,103,,28,22,20,9,25
20210920,10,PM10_24h,11,17,12,26,26,7,17,26,32,25,11,5,8,15,38,74,22,46,30,38,59,42,41,30,36,64,51,52,53,55,47,34,49,65,30,35,50,68,43,31,25,41,66,37,51,37,29,51,9,20,16,24,27,20,16,12,19,13,17,24,23,14,37,19,25,25,24,18,19,16,48,32,43,88,27,22,31,25,40,23,27,25,40,28,3,6,9,11,34,18,16,24,6,23,21,11,22,26,15,19,28,23,33,15,16,33,31,24,10,4,21,12,32,12,44,53,49,25,33,48,32,33,16,55,60,41,16,13,13,21,17,16,36,30,24,14,21,31,19,30,16,26,18,21,15,22,35,21,16,18,19,17,20,19,15,32,43,53,70,105,17,9,11,22,14,19,14,,17,15,16,15,17,50,47,42,53,42,55,48,52,52,62,33,64,62,44,55,,24,16,40,16,25,18,17,18,29,92,34,41,56,32,24,36,43,58,52,56,60,54,42,31,39,24,23,28,34,29,45,21,33,24,14,22,23,45,46,35,50,43,40,57,30,38,37,28,40,47,31,46,37,28,32,51,25,51,31,28,40,52,41,49,21,24,4,17,13,15,15,14,47,18,13,58,19,23,57,28,18,20,31,26,17,27,28,19,27,14,45,31,35,43,34,21,32,22,38,35,20,19,23,23,20,26,25,16,16,15,24,,27,13,19,13,18,13,19,15,,11,12,19,16,12,14,15,17,13,16,14,20,15,28,15,28,22,47,,18,17,21,20,14,13,26,27,45,40,22,55,25,28,36,39,24,36,14,26,29,34,23,27,54,46,20,72,98,94,82,84,99,192,180,98,66,42,85,101,,38,74,16,23,17
20210920,10,SO2,3,6,6,4,4,9,5,5,9,2,4,6,3,11,12,9,7,7,11,7,3,6,7,7,6,8,6,5,4,5,3,4,4,6,8,5,6,6,6,4,6,4,11,6,5,5,9,5,6,5,8,6,5,6,6,5,11,4,6,6,7,8,9,4,15,8,9,8,11,6,20,48,9,19,5,6,18,10,6,6,7,8,19,4,4,5,6,7,7,6,4,5,5,4,4,8,13,8,13,11,6,6,6,6,9,6,12,29,6,4,25,9,11,6,7,6,10,9,9,13,6,7,5,9,6,7,4,9,7,9,5,7,6,8,8,7,3,30,9,12,4,9,7,27,9,6,9,5,5,11,9,7,4,14,6,4,6,10,7,7,10,5,3,5,4,8,8,,6,5,4,4,6,10,11,9,8,10,4,7,7,5,8,10,6,3,5,6,,6,9,7,6,20,8,5,13,9,45,3,4,9,17,3,11,7,11,15,3,7,9,14,14,13,5,8,7,9,14,4,13,12,6,4,10,3,5,5,7,10,11,7,6,7,3,5,4,5,6,8,13,6,8,5,5,8,6,5,13,7,9,6,17,13,9,6,9,5,10,8,7,13,6,9,7,2,7,10,7,6,7,8,9,2,6,7,4,3,5,20,9,13,8,22,5,13,8,7,10,7,20,14,10,12,10,5,9,5,9,11,,8,10,15,7,2,7,11,11,,3,7,23,7,8,9,63,9,7,8,6,4,4,9,9,7,5,10,,8,10,13,21,7,7,124,10,6,12,5,5,10,7,16,6,9,22,6,9,15,24,8,14,10,12,5,14,14,24,9,7,3,7,3,10,12,4,10,19,,18,5,18,6,8
20210920,10,SO2_24h,3,6,3,4,6,5,4,5,12,2,4,7,3,5,8,16,6,6,8,6,5,5,6,6,6,11,5,7,5,7,4,4,6,7,7,4,7,9,7,5,6,4,5,6,5,5,6,11,5,5,5,7,5,6,6,5,7,3,5,6,6,8,7,3,9,5,6,8,8,5,11,15,8,11,9,5,12,7,7,6,10,13,10,4,4,6,6,5,8,6,3,5,5,4,4,7,9,8,7,10,6,7,6,6,7,6,7,12,7,4,11,9,5,6,15,8,14,11,14,18,5,4,5,9,7,8,3,7,5,5,6,6,7,8,8,7,2,16,7,7,4,8,8,15,9,4,6,4,5,6,7,3,4,6,5,4,8,16,7,5,8,5,3,5,4,8,7,,7,5,4,5,6,9,10,8,8,9,6,7,9,7,9,7,7,2,6,6,,6,8,7,5,10,6,4,10,9,32,4,4,8,17,2,13,6,14,16,9,12,9,12,14,13,4,7,7,7,9,6,6,8,6,6,9,6,7,6,7,11,8,8,8,9,3,5,3,6,6,6,6,5,7,5,14,10,36,5,10,10,9,6,14,9,6,5,8,5,8,7,7,13,6,7,9,2,5,11,7,5,8,11,9,3,16,7,4,8,4,12,10,9,5,19,8,10,8,23,12,6,7,8,9,9,4,6,7,5,6,11,,8,8,5,7,2,6,7,5,,4,7,16,7,8,6,16,8,6,8,6,9,4,9,9,7,4,9,,8,9,8,8,9,7,36,10,5,10,4,7,8,6,11,5,7,11,6,9,14,10,8,14,8,9,5,7,9,20,11,8,4,6,10,11,12,4,12,18,,12,7,14,6,7
20210920,10,NO2,9,10,22,15,9,16,16,12,14,15,8,13,12,21,18,25,8,29,29,17,10,21,23,15,11,12,16,17,24,17,11,12,9,18,16,22,12,23,18,8,17,13,42,11,12,15,15,11,14,7,13,22,14,20,14,11,21,14,11,15,11,15,16,6,26,34,18,11,20,12,47,31,23,40,16,17,18,18,21,14,20,14,22,14,9,11,7,15,14,11,12,12,10,14,9,9,14,12,9,6,8,13,9,5,16,9,10,17,11,11,14,12,27,21,24,13,20,20,11,48,21,14,7,15,13,16,8,16,19,12,13,21,12,10,14,14,9,11,8,15,5,20,17,26,20,23,22,17,9,16,15,13,16,16,11,9,10,21,7,72,29,14,8,6,14,8,12,,10,7,7,5,6,25,24,25,26,23,8,21,17,14,17,33,20,18,11,11,,8,7,14,13,23,21,11,12,23,50,14,11,17,8,11,7,11,16,34,22,9,37,27,23,29,14,14,14,22,26,14,11,27,22,10,14,12,5,7,12,13,9,6,9,8,5,9,8,12,16,10,24,8,6,10,11,12,9,10,9,13,15,11,13,21,20,14,11,8,11,11,6,21,14,11,14,9,8,16,11,10,6,13,10,10,9,6,10,15,13,27,11,11,24,10,3,11,12,7,7,18,18,25,29,30,18,24,11,11,24,5,,24,15,30,8,10,13,11,22,,6,11,9,14,7,10,12,13,10,10,9,12,8,12,4,23,12,21,,28,7,13,28,6,11,23,12,61,31,28,39,9,30,19,28,17,30,13,6,18,38,10,7,19,30,16,40,50,32,21,18,10,40,47,29,8,5,39,33,,19,4,4,14,14
20210920,10,NO2_24h,14,18,12,24,17,10,15,16,28,18,14,16,11,23,26,38,16,27,21,16,16,15,14,11,16,22,16,21,20,18,13,9,15,28,15,21,18,25,18,10,12,17,26,10,17,14,14,14,26,6,20,15,9,20,12,10,16,9,13,18,11,16,20,15,26,28,20,15,16,15,43,32,24,39,13,12,24,17,22,16,19,20,20,13,9,17,8,25,16,16,11,16,14,6,13,6,14,10,7,8,12,6,13,9,18,10,10,12,12,14,17,15,28,28,29,22,27,19,21,29,21,14,14,20,17,14,14,16,18,20,23,25,18,11,10,9,11,11,7,11,6,25,23,22,18,20,26,13,13,17,17,10,21,16,21,10,11,28,21,34,15,35,9,3,17,12,11,,15,9,9,9,7,22,21,22,22,20,13,23,17,14,17,17,24,26,17,19,,12,8,14,17,31,24,11,19,27,35,13,21,17,21,12,14,9,25,28,29,19,35,23,19,21,13,11,15,23,12,16,9,21,20,13,18,13,8,12,14,19,16,9,14,9,10,11,8,13,17,9,20,13,10,10,13,11,18,12,11,9,13,11,15,20,22,10,21,15,14,14,10,17,14,13,15,9,8,14,9,10,5,10,9,7,11,8,10,12,6,24,12,14,19,13,6,13,11,11,14,18,14,25,23,27,13,25,17,15,20,7,,26,8,20,6,10,12,14,15,,6,7,12,8,8,10,12,8,8,9,12,15,10,12,5,19,14,20,,13,7,12,29,11,11,23,17,35,25,28,21,10,26,24,18,16,33,9,4,16,16,12,9,21,21,18,27,44,40,27,25,13,38,33,37,13,13,45,38,,28,17,9,17,13
20210920,10,O3,69,78,49,82,82,68,74,72,68,78,83,86,76,61,73,24,97,9,26,91,48,94,83,34,60,41,75,66,29,44,39,59,52,102,84,72,94,58,109,64,46,99,40,86,65,71,71,48,49,101,72,55,60,27,26,22,36,30,35,50,45,27,37,22,36,53,35,60,55,57,33,31,52,65,59,69,51,73,65,36,75,76,80,41,88,68,52,36,58,76,54,53,51,32,82,44,36,60,32,30,64,29,54,36,30,67,74,23,54,89,95,79,27,77,33,66,24,43,79,23,35,26,47,53,54,68,68,73,47,73,58,40,37,51,69,63,57,52,31,53,32,33,35,16,26,46,66,58,40,54,51,48,27,54,73,105,97,36,80,15,33,47,91,80,92,86,90,,77,95,77,83,77,103,98,89,80,94,47,73,57,40,30,81,73,70,80,101,,61,58,82,85,66,44,52,82,37,40,34,29,58,113,37,96,81,50,33,25,52,8,13,9,12,34,29,46,34,39,52,16,24,23,63,25,,78,76,67,63,57,64,54,68,66,86,48,70,63,114,59,89,61,68,57,51,58,55,58,48,51,49,81,56,50,69,66,65,50,81,66,52,41,52,50,46,59,51,53,49,32,64,53,56,42,51,43,57,47,33,29,25,41,38,42,38,43,52,39,28,55,57,17,48,64,18,34,34,65,17,,30,41,40,45,32,43,38,28,,23,17,45,47,22,12,49,43,49,23,52,9,17,44,39,49,57,46,,45,42,45,47,31,66,51,37,20,39,59,60,69,21,36,30,48,34,91,80,78,58,49,80,60,32,87,51,52,71,58,36,87,19,21,47,37,84,59,46,,56,61,27,86,41
20210920,10,O3_24h,79,86,92,88,104,96,92,96,79,85,97,89,92,90,91,122,110,121,50,162,216,186,220,128,158,251,219,212,228,238,173,135,188,221,150,150,179,270,203,144,143,168,168,152,158,122,156,168,72,113,81,144,116,135,65,37,123,51,91,120,84,116,94,37,101,126,71,64,113,108,94,101,105,161,111,132,107,112,131,83,148,106,160,138,92,64,97,63,158,90,99,78,95,125,97,110,112,114,47,58,109,100,76,58,180,123,130,87,65,89,102,96,77,98,86,95,116,78,97,128,63,97,73,193,195,170,71,89,83,73,76,69,54,85,135,77,70,84,97,97,59,171,113,77,95,121,157,103,73,70,100,106,98,124,107,111,118,114,118,123,102,47,91,127,107,86,91,,82,99,99,90,116,198,192,230,209,209,216,241,226,224,224,179,128,138,144,193,,79,67,153,96,85,97,75,86,74,119,126,78,128,114,71,96,125,154,95,146,98,136,110,84,100,74,71,106,64,66,51,65,54,42,72,59,51,179,193,141,163,150,130,197,160,169,144,135,158,180,145,153,117,90,124,122,141,121,118,100,125,171,117,148,87,85,84,76,81,74,81,72,182,64,68,201,62,135,210,122,97,71,123,82,120,121,90,68,88,62,113,79,93,116,90,105,99,66,100,91,97,109,118,124,115,100,84,124,98,114,109,,103,103,70,74,53,85,67,55,,52,55,94,90,39,46,49,46,63,81,76,40,58,104,104,116,126,124,,126,111,125,92,86,102,92,121,108,119,107,122,101,123,107,108,115,110,120,123,116,119,116,119,107,102,108,132,109,158,113,110,105,106,120,140,77,103,145,158,,112,154,46,91,91
20210920,10,O3_8h,68,78,66,81,90,77,77,73,61,75,80,79,78,30,48,15,101,7,22,77,54,68,67,68,50,55,62,63,50,54,44,77,37,51,74,33,80,36,79,48,67,65,32,51,43,35,53,45,41,96,47,55,70,13,12,17,12,9,13,25,27,11,19,8,19,20,14,44,56,50,16,22,43,74,68,74,46,67,57,48,56,68,37,43,73,63,51,34,46,80,89,47,33,88,89,68,23,55,18,13,36,41,26,10,9,41,42,8,49,77,55,58,17,42,44,47,11,40,69,9,15,22,31,40,48,46,44,59,26,53,34,20,24,37,67,61,31,45,20,47,21,20,20,11,12,28,40,49,23,32,35,35,15,41,61,88,92,20,88,33,71,30,82,110,95,73,84,,73,93,83,87,81,72,79,81,73,79,44,76,43,52,47,69,51,33,52,57,,52,34,39,69,30,25,50,44,14,15,38,15,52,64,12,74,92,40,28,14,47,8,7,6,10,24,26,16,11,21,18,8,9,15,52,12,12,58,57,50,43,56,38,53,54,53,67,57,54,64,58,17,35,42,34,48,50,50,48,42,54,47,43,44,32,25,78,31,37,33,67,53,62,22,38,56,38,56,61,48,34,23,57,51,62,73,51,41,66,22,10,23,24,14,16,51,21,42,33,12,18,24,25,6,16,39,14,28,27,22,11,,19,34,27,27,15,20,25,21,,19,9,31,37,17,7,36,36,49,9,24,6,13,30,36,47,33,33,,52,38,34,28,14,39,49,18,32,50,39,71,62,15,24,17,23,14,68,61,60,44,40,81,26,28,62,64,39,51,51,43,83,18,34,63,42,71,66,27,,46,53,8,80,31
20210920,10,O3_8h_24h,69,79,83,83,99,91,89,80,72,75,89,79,91,50,49,44,101,22,27,91,131,85,88,121,50,118,85,93,107,72,95,111,138,52,93,50,96,56,83,76,89,67,51,77,43,41,59,53,50,96,48,72,72,15,22,25,13,11,13,28,47,20,28,10,24,26,15,45,77,53,23,27,52,81,69,74,71,90,59,81,67,68,38,88,77,60,75,48,46,83,93,47,47,124,92,85,44,76,20,19,52,46,33,12,9,45,65,11,49,77,75,69,26,62,59,49,12,49,71,10,18,23,38,108,146,56,44,80,46,53,36,36,27,54,71,72,37,54,33,57,22,48,23,15,28,55,71,87,23,35,45,36,15,56,73,103,92,34,93,41,88,43,82,114,96,76,84,,73,93,89,88,88,84,93,97,85,99,113,108,82,96,97,99,65,45,77,57,,72,63,72,77,40,40,57,54,23,22,54,15,61,105,12,75,105,40,32,22,69,9,7,6,12,40,33,16,11,22,20,9,9,15,62,27,23,58,57,51,93,78,40,142,54,53,67,63,95,85,58,22,58,77,49,79,74,54,48,47,58,50,60,49,48,43,79,38,43,33,67,54,64,22,45,58,57,66,67,55,45,28,60,51,70,110,64,41,66,27,12,46,27,16,19,60,40,54,49,15,23,40,30,7,17,42,24,30,42,23,24,,19,55,28,44,16,20,27,25,,31,12,42,42,23,8,36,36,62,9,32,8,13,31,49,72,59,40,,69,51,40,70,14,60,49,19,39,53,42,81,78,15,24,33,23,14,69,69,64,65,45,93,41,46,76,78,61,68,61,43,83,18,35,64,42,84,72,55,,50,53,8,80,38
20210920,10,CO,0.47,0.85,0.50,0.62,0.32,1.03,0.30,0.20,0.45,0.47,0.40,0.53,0.35,0.69,0.54,0.82,0.53,0.67,0.70,0.66,0.82,0.63,0.60,0.77,0.65,0.48,0.80,0.68,0.97,0.62,0.47,0.75,0.75,0.63,0.61,0.52,0.57,0.67,0.68,0.38,0.47,0.60,0.70,0.43,0.75,0.68,0.44,0.69,0.87,0.42,0.68,0.92,0.83,0.69,0.51,0.85,0.53,0.57,0.40,0.52,0.53,0.38,0.70,0.40,0.74,0.75,0.58,0.48,0.37,0.38,1.32,2.73,0.65,0.88,0.93,0.80,0.87,0.60,1.02,0.53,1.17,0.95,0.63,0.68,0.52,0.53,0.93,0.96,0.45,0.13,0.67,0.80,0.95,0.72,0.32,0.73,0.66,0.66,0.43,0.58,0.55,0.53,0.65,0.47,0.55,0.85,0.74,0.65,0.40,0.47,0.58,0.62,2.26,0.53,0.36,0.58,0.63,0.57,0.72,1.33,0.44,0.33,0.38,0.92,0.95,0.80,0.53,1.40,0.83,0.57,0.68,0.63,0.68,1.00,1.14,0.88,0.65,0.58,0.65,0.93,0.30,0.60,0.64,1.62,0.70,0.57,0.70,0.70,0.43,0.72,0.60,0.43,0.50,0.41,0.37,0.40,0.40,0.65,0.30,0.73,0.95,0.90,0.70,0.70,0.45,0.45,0.35,,0.35,0.70,0.50,0.30,0.60,0.55,0.70,0.77,0.55,0.80,0.95,0.83,0.85,1.00,0.80,0.50,0.60,0.70,0.50,0.55,,0.60,0.77,0.47,0.64,0.64,0.82,0.54,0.63,0.45,1.25,0.20,0.25,0.70,0.20,0.30,0.10,0.20,0.68,1.35,0.45,0.48,0.63,1.05,1.20,0.90,0.45,0.45,0.50,0.43,0.50,0.20,1.92,0.60,0.70,0.45,0.25,0.40,0.73,0.74,0.75,0.68,0.70,0.37,0.70,0.90,0.58,0.80,0.87,0.75,0.70,0.47,0.80,0.53,0.40,0.65,0.77,0.78,0.65,0.65,0.82,0.73,1.20,0.73,0.55,1.27,1.10,0.57,0.83,0.83,0.96,0.70,0.77,1.52,0.67,0.93,1.13,0.84,1.20,0.87,0.63,0.93,0.90,0.95,0.70,1.07,0.75,0.50,0.93,0.88,0.80,0.93,0.67,0.75,0.92,0.60,0.53,0.60,0.55,0.57,0.50,0.60,0.47,0.60,1.10,0.63,0.57,0.60,0.43,0.47,0.70,0.25,,0.25,0.72,1.63,0.37,0.60,0.53,0.55,0.70,,0.55,0.90,0.75,0.70,0.40,0.65,0.60,0.50,0.30,0.35,0.60,0.70,0.95,0.70,0.45,0.50,0.55,1.30,,0.50,0.45,0.67,0.73,0.50,0.40,0.75,0.45,1.10,0.30,0.25,0.35,0.50,0.55,0.40,0.50,0.35,1.00,0.40,0.80,0.70,1.10,0.50,0.40,0.40,0.55,0.40,0.85,0.10,0.95,0.15,0.60,0.20,0.83,0.35,0.53,0.20,0.40,0.70,0.40,,0.50,0.80,0.55,0.40,0.47
20210920,10,CO_24h,0.58,1.02,0.39,0.99,0.46,0.68,0.41,0.34,0.68,0.65,0.50,0.73,0.42,0.53,0.61,1.55,0.60,0.49,0.58,0.61,0.78,0.57,0.53,0.63,0.69,0.50,0.57,0.69,0.80,0.75,0.47,0.58,0.73,0.67,0.59,0.48,0.63,0.63,0.65,0.45,0.53,0.57,0.63,0.43,0.71,0.65,0.38,0.57,0.76,0.33,0.83,0.81,0.66,0.64,0.50,0.55,0.47,0.45,0.38,0.50,0.50,0.44,0.65,0.48,0.70,0.68,0.53,0.48,0.30,0.43,0.75,1.07,0.58,0.61,0.78,0.60,0.73,0.58,1.10,0.55,1.00,0.85,0.58,0.49,0.62,0.70,0.67,0.74,0.42,0.17,0.47,0.73,0.70,0.48,0.32,0.52,0.54,0.59,0.42,0.54,0.53,0.53,0.70,0.50,0.50,0.70,0.66,0.55,0.50,0.55,0.58,0.78,1.28,0.67,0.46,1.23,0.88,0.67,0.88,0.92,0.52,0.30,0.42,0.72,0.92,0.56,0.75,1.16,0.92,0.80,0.80,0.75,0.77,0.77,0.98,0.80,0.53,0.56,0.60,0.79,0.30,0.67,0.70,1.00,0.70,0.47,0.55,0.52,0.45,0.60,0.47,0.40,0.50,0.36,0.57,0.45,0.40,0.80,0.44,0.47,0.50,0.70,0.60,0.45,0.30,0.45,0.35,,0.45,0.75,0.50,0.30,0.60,0.50,0.65,0.73,0.50,0.70,0.90,0.80,0.80,0.75,0.75,0.50,0.70,0.70,0.50,0.70,,0.65,0.90,0.43,0.80,0.62,0.67,0.70,0.63,0.50,1.05,0.17,0.40,0.50,0.43,0.33,0.20,0.30,0.74,1.35,0.77,0.67,0.55,1.05,1.15,0.75,0.45,0.40,0.43,0.38,0.60,0.73,0.83,0.65,0.67,0.45,0.20,0.40,0.67,0.65,0.75,1.02,0.53,0.43,0.63,0.86,0.50,0.80,0.73,0.77,0.57,0.47,0.97,0.50,0.40,0.60,0.57,0.70,1.10,0.53,0.82,0.60,0.75,0.57,0.50,1.40,1.00,0.53,1.05,1.00,0.88,0.75,0.80,1.24,0.83,0.85,1.03,0.74,1.20,0.83,0.50,0.80,0.80,0.72,0.40,0.85,0.43,0.47,0.90,0.72,0.55,0.80,0.60,0.70,0.58,0.63,0.60,0.63,0.45,0.67,0.45,0.57,0.37,0.53,0.75,0.47,0.50,0.57,0.43,0.47,0.60,0.25,,0.20,0.58,0.73,0.33,0.60,0.43,0.55,0.50,,0.55,0.75,0.65,0.55,0.40,0.60,0.65,0.43,0.35,0.40,0.55,0.70,0.95,0.65,0.45,0.40,0.50,0.90,,0.35,0.45,0.50,0.53,0.65,0.45,0.45,0.45,0.40,0.25,0.15,0.35,0.50,0.40,0.30,0.30,0.25,0.40,0.20,0.70,0.60,0.50,0.40,0.30,0.27,0.40,0.43,0.55,0.55,1.10,0.25,0.50,0.20,0.80,0.50,0.80,0.30,0.40,0.75,0.35,,0.45,0.70,0.45,0.65,0.40
20210920,11,AQI,22,25,21,23,28,28,26,26,22,23,30,30,26,40,25,18,30,61,59,42,19,56,60,29,22,17,57,17,23,16,19,16,17,45,31,42,38,45,51,31,19,45,68,46,26,47,26,21,19,25,32,21,22,24,15,10,26,29,18,28,35,14,39,19,26,40,35,23,32,26,50,56,44,74,20,24,33,36,23,14,37,25,35,15,27,22,18,14,20,24,17,19,19,30,32,17,18,19,27,25,27,23,23,14,20,37,46,54,21,31,33,29,123,26,12,23,20,22,24,66,42,28,17,21,20,28,26,28,28,28,26,25,24,21,26,23,26,21,19,26,17,25,23,38,16,33,43,32,19,29,31,39,29,25,30,38,45,57,51,87,26,17,27,18,25,29,28,,24,30,24,27,,61,55,55,60,53,21,26,17,17,15,51,51,47,43,42,,21,38,44,30,37,30,33,29,39,89,29,26,58,36,24,64,40,23,22,20,19,58,50,40,36,26,24,28,36,30,26,24,51,53,20,17,16,26,26,21,21,20,21,23,25,25,29,37,23,24,36,45,35,25,39,22,18,22,19,25,43,20,37,53,32,37,25,28,29,32,30,24,19,25,70,23,24,20,20,23,23,23,21,20,20,25,18,20,17,26,55,33,32,52,39,16,32,17,22,27,18,37,27,38,27,31,34,20,16,29,24,,22,18,41,21,14,21,16,25,,16,23,31,26,18,21,21,34,17,13,20,31,17,27,17,62,24,63,,61,18,26,36,28,46,48,28,83,45,29,56,35,58,40,49,26,39,32,32,35,65,31,35,43,54,31,89,80,70,76,69,61,116,180,52,55,59,59,68,,28,29,17,28,26
20210920,11,PM2.5,3,1,6,6,4,10,6,9,10,6,5,5,3,18,15,11,7,22,16,25,9,40,43,19,7,3,38,10,16,9,13,5,10,26,18,21,23,20,35,17,9,27,30,23,5,28,15,4,3,5,12,9,5,11,6,7,8,9,8,15,7,5,19,9,12,21,15,10,13,10,23,36,17,25,8,6,18,18,9,10,26,6,21,9,5,4,5,8,5,4,5,3,4,21,8,7,10,12,15,11,10,11,8,6,10,15,24,32,3,1,6,9,93,10,4,4,11,5,6,35,11,10,11,8,8,5,11,9,12,14,11,11,16,15,14,3,9,11,13,12,7,12,12,21,6,15,18,21,11,20,12,10,8,9,6,8,16,24,14,50,18,2,,10,9,9,6,,2,5,5,6,,44,34,39,40,34,3,17,10,4,6,25,36,21,28,29,,7,11,23,10,21,20,23,8,19,37,15,10,21,8,9,23,19,16,9,14,13,27,32,18,21,4,15,13,10,12,13,12,25,37,6,6,11,13,12,14,5,4,5,8,10,11,2,18,2,3,18,21,19,12,20,10,7,8,5,10,22,9,15,28,20,23,10,10,10,11,3,12,8,10,51,15,17,3,10,8,9,8,8,9,7,16,9,12,12,10,24,17,12,17,21,6,16,5,14,15,9,21,10,21,10,17,14,11,8,7,9,,5,10,24,11,5,12,8,17,,6,11,22,8,7,15,9,24,8,9,7,18,9,19,7,33,11,36,,20,6,10,11,8,11,17,10,19,21,6,20,9,12,6,27,6,27,10,20,20,47,14,11,16,20,8,26,27,22,20,26,13,62,66,12,4,5,21,31,,10,13,6,3,12
20210920,11,PM2.5_24h,11,10,9,18,12,4,14,22,19,16,8,9,5,9,16,39,11,16,12,24,33,26,28,13,19,31,29,32,30,31,26,18,27,38,18,18,29,34,27,18,13,25,32,24,19,19,18,21,7,6,9,12,13,8,6,7,6,4,6,11,11,6,21,7,14,14,7,10,7,7,18,18,16,25,15,17,16,15,24,11,28,17,21,13,3,5,7,11,17,6,9,13,8,13,9,6,10,17,8,5,16,14,11,7,8,17,18,12,6,2,12,7,33,9,17,25,23,11,24,23,11,16,11,31,35,22,12,5,9,14,11,8,22,15,14,5,13,19,7,18,6,12,10,18,12,12,13,12,9,14,8,7,8,8,6,6,14,19,18,31,14,5,4,7,6,12,7,,9,9,6,6,6,30,23,26,29,24,35,28,34,33,34,22,37,27,29,37,,15,7,24,6,15,14,14,9,10,24,20,17,18,17,15,13,22,30,25,26,37,23,24,14,13,10,15,12,13,16,21,12,16,18,10,9,14,23,23,19,25,22,24,31,19,19,14,14,23,29,19,31,25,16,14,26,16,27,16,12,19,25,21,30,14,19,7,12,10,10,9,11,23,9,14,28,13,9,23,12,11,4,18,17,9,14,18,10,17,6,18,16,16,17,19,11,17,11,23,16,10,10,11,12,12,14,11,8,8,7,15,,5,7,10,9,6,9,8,10,,3,11,19,8,10,12,9,17,9,7,9,12,9,12,7,12,8,24,,7,7,9,11,7,6,9,11,14,17,8,17,9,11,7,24,9,24,11,20,20,21,8,13,17,15,9,20,27,28,17,26,24,65,54,30,14,12,33,29,,18,26,8,14,7
20210920,11,PM10,7,2,12,6,6,14,8,11,5,3,6,7,4,40,25,18,21,71,67,42,13,52,59,29,13,8,63,17,9,15,11,11,17,45,29,42,38,45,52,31,19,45,85,46,15,47,26,21,3,13,32,16,8,24,15,10,26,29,18,28,35,14,39,19,26,40,35,14,32,26,50,62,44,97,12,6,33,36,13,14,29,15,35,13,3,5,7,8,10,10,8,7,7,26,32,11,18,19,27,25,27,23,23,13,20,37,46,58,11,6,16,17,89,19,9,17,20,12,8,81,42,28,15,14,10,13,22,19,28,18,17,25,24,17,8,8,20,17,19,26,17,25,23,38,14,33,43,32,19,23,31,39,29,25,30,38,45,63,52,124,23,2,3,10,18,9,6,,6,8,23,27,,63,59,57,70,56,21,26,17,6,15,51,32,47,43,42,,9,38,44,22,37,30,29,23,39,127,29,26,66,15,24,47,40,20,17,19,8,66,50,40,36,26,24,28,36,30,26,24,51,55,15,17,13,19,15,21,14,6,11,11,15,25,8,37,6,8,36,45,35,25,39,17,6,17,11,25,43,20,37,56,32,37,6,28,23,32,8,17,18,25,35,23,22,18,19,12,12,23,12,11,11,25,12,20,12,13,59,33,32,53,39,5,32,17,16,27,18,37,27,38,23,31,34,20,16,10,24,,22,18,41,15,13,21,16,25,,16,23,28,26,18,20,14,22,9,11,11,31,17,25,14,74,24,76,,71,18,26,36,28,46,35,28,116,45,29,61,35,65,40,49,26,37,11,32,35,75,31,35,43,57,23,127,109,90,101,88,72,182,309,54,59,67,68,85,,28,29,17,7,26
20210920,11,PM10_24h,11,16,12,24,23,7,17,25,30,25,10,5,8,16,37,71,22,47,31,38,57,42,41,30,33,62,52,51,51,53,45,33,48,64,29,35,50,67,43,31,25,42,67,38,49,38,29,49,9,19,17,23,25,20,16,12,19,14,17,25,24,15,37,19,26,26,25,18,19,17,48,32,43,89,26,21,31,26,38,22,26,22,40,26,3,6,8,11,32,17,15,22,6,23,21,11,21,26,16,19,28,23,33,15,17,32,31,25,10,3,20,13,35,13,42,50,48,23,29,51,34,33,17,53,58,39,17,13,14,22,18,17,34,27,22,13,20,30,19,30,16,25,19,22,15,22,35,21,16,18,19,18,21,19,16,33,44,53,68,104,17,8,11,22,13,17,13,,16,14,16,15,17,51,48,43,54,42,54,47,50,50,60,34,63,60,45,55,,22,15,40,17,25,19,17,19,31,87,34,40,56,30,24,37,44,55,50,54,57,55,43,32,39,24,23,28,34,29,44,22,33,25,14,22,22,43,44,32,47,41,38,55,28,37,35,27,38,46,31,46,37,28,32,49,23,48,30,28,39,49,40,49,22,25,4,18,14,16,14,15,44,19,14,55,17,21,53,26,16,20,29,25,18,27,27,18,26,14,46,31,34,43,35,19,32,21,38,34,20,20,24,24,21,26,25,16,16,15,24,,26,13,20,14,17,14,19,16,,11,12,20,17,12,15,16,18,13,17,13,20,15,28,16,29,21,48,,19,17,21,21,16,15,26,27,49,41,22,55,26,29,36,39,25,36,13,26,29,36,23,27,54,45,20,72,98,95,84,85,97,190,182,96,63,43,84,100,,38,72,16,22,17
20210920,11,SO2,2,5,7,4,4,9,6,5,9,2,4,7,3,14,11,9,7,8,10,7,3,7,8,6,6,7,5,5,5,5,4,4,4,6,8,6,6,6,5,4,6,4,7,6,5,5,7,5,7,5,7,6,5,6,6,6,9,4,5,6,6,7,8,4,13,9,8,8,14,6,19,51,9,15,5,7,14,9,6,6,8,12,12,4,5,5,6,6,8,5,4,5,5,4,4,9,10,8,13,11,5,7,7,6,8,5,9,25,7,4,11,9,12,9,7,5,10,10,10,11,5,9,5,9,7,7,4,10,7,7,5,9,7,6,8,7,3,22,8,18,4,8,8,33,11,5,8,7,5,11,8,4,4,9,5,4,6,14,7,5,9,5,3,6,4,8,8,,6,5,3,4,,11,12,9,10,10,5,7,6,5,8,11,5,2,6,6,,6,10,6,7,11,11,6,13,10,48,3,4,7,16,3,13,7,9,12,6,7,9,17,14,13,4,7,7,10,12,4,13,11,9,7,8,4,5,5,6,8,10,8,6,8,5,6,4,5,4,6,11,5,6,5,8,10,6,5,5,8,7,6,10,15,10,6,8,6,10,7,8,13,6,8,7,2,7,9,7,5,7,11,10,3,7,8,5,7,5,19,11,8,8,16,5,8,9,6,10,10,20,11,14,12,10,7,9,5,9,11,,9,10,17,10,2,7,15,10,,4,8,17,6,8,10,10,7,7,7,6,5,4,9,8,8,5,9,,8,10,13,12,9,7,144,10,6,11,4,5,11,9,13,6,8,34,6,10,13,27,9,17,22,12,5,11,33,17,10,8,3,7,5,11,12,4,9,16,,16,4,5,6,7
20210920,11,SO2_24h,3,6,4,5,5,5,4,5,12,2,4,7,3,5,8,15,6,6,8,6,4,5,6,6,6,11,5,7,5,7,4,4,5,7,7,4,7,9,7,5,6,4,5,6,5,5,6,11,5,5,5,6,5,6,6,5,7,3,5,6,6,8,7,3,9,5,6,8,8,5,11,14,8,12,9,5,12,7,7,6,9,13,11,4,4,6,6,5,8,6,3,5,5,4,4,7,9,8,7,10,6,7,6,6,7,6,7,13,7,4,10,9,5,6,15,8,14,11,13,18,5,5,5,9,7,8,3,8,5,5,6,6,7,8,8,7,2,17,7,8,4,8,8,16,9,4,6,4,5,7,7,3,4,6,5,4,8,15,7,5,8,5,3,5,4,8,7,,7,5,4,5,6,9,10,8,8,9,6,7,9,7,9,8,6,2,6,6,,6,8,7,5,11,6,5,10,9,33,4,4,8,17,2,13,6,13,15,8,11,9,12,14,13,4,7,7,7,9,6,6,9,6,6,9,6,7,6,7,11,8,8,8,9,3,5,3,6,6,6,6,5,7,5,14,10,34,5,9,10,8,6,13,12,6,5,8,5,8,7,7,13,6,7,9,2,5,11,7,5,8,11,9,3,15,7,4,8,4,13,10,9,5,19,7,10,8,23,12,6,8,8,9,9,4,6,7,5,6,11,,8,8,6,7,2,6,7,5,,4,7,16,7,8,6,17,8,6,8,6,9,4,9,9,7,4,9,,8,9,8,8,9,7,39,9,5,10,4,7,9,6,11,5,7,12,6,9,14,10,8,14,9,9,5,8,9,20,11,8,4,6,8,11,12,4,12,18,,12,7,14,6,7
20210920,11,NO2,9,9,17,17,7,13,14,8,14,15,6,12,12,20,16,19,7,34,31,17,9,18,19,14,11,10,11,17,22,14,11,10,11,14,15,17,11,21,20,10,15,12,29,11,11,14,12,10,15,10,12,17,11,22,12,9,16,13,8,15,11,11,16,6,23,30,19,11,18,12,44,31,22,37,14,17,14,13,15,13,25,12,14,13,10,10,10,16,14,10,11,10,10,13,9,8,9,11,9,6,7,9,7,3,14,7,12,17,8,10,11,9,23,21,23,11,20,12,10,52,14,18,7,14,11,12,7,14,17,9,10,16,12,7,11,10,10,7,7,17,5,19,17,31,18,16,24,14,10,13,12,14,19,12,10,8,7,19,7,53,17,16,10,10,15,9,13,,11,9,6,5,,20,23,18,24,25,7,21,21,12,14,27,17,12,11,10,,9,5,8,12,14,19,9,10,26,32,17,11,13,7,12,17,9,18,14,27,9,37,24,24,33,13,13,12,19,14,7,13,26,20,10,8,10,4,5,13,13,9,6,8,7,5,7,8,11,15,6,15,5,5,7,11,9,8,8,8,11,12,10,8,16,18,11,10,7,11,8,6,15,13,12,11,8,8,11,8,6,5,12,11,11,9,7,8,21,7,16,10,9,18,9,3,6,9,5,5,19,17,16,25,22,11,26,10,12,16,7,,19,11,33,7,12,14,13,16,,7,13,8,12,6,10,7,9,8,14,6,13,7,9,3,16,8,20,,27,7,14,21,6,4,23,13,40,24,16,14,7,41,8,31,11,27,11,7,9,23,9,23,13,27,9,44,30,24,12,22,6,49,49,19,9,2,33,21,,14,4,3,13,11
20210920,11,NO2_24h,14,17,12,24,15,11,14,16,28,18,13,16,11,23,25,37,15,27,22,16,16,15,14,11,16,21,16,21,20,18,13,9,15,27,15,21,18,25,18,10,12,17,26,11,17,15,14,13,25,6,20,15,9,20,12,10,16,9,13,19,11,16,20,15,27,29,20,15,16,15,43,32,24,40,13,12,24,17,22,16,19,19,20,13,9,17,8,24,16,15,10,16,13,6,12,6,14,10,8,8,12,6,13,9,18,10,10,13,12,13,16,15,28,28,29,21,27,18,20,30,21,14,14,20,17,13,13,16,18,19,23,25,17,10,10,9,11,11,7,12,6,25,23,22,18,20,26,14,13,17,17,10,21,16,21,10,10,28,20,34,15,34,9,4,16,12,11,,15,8,8,8,7,22,21,21,22,20,13,23,18,14,17,18,24,24,17,18,,12,8,14,16,30,24,11,19,27,36,13,21,17,20,13,14,9,24,27,29,18,36,24,19,21,13,11,15,23,13,15,10,21,20,13,17,13,8,12,14,18,16,9,14,9,9,11,8,13,17,9,20,13,10,10,13,11,17,12,11,9,13,11,15,18,22,10,21,15,14,14,9,16,13,13,15,9,8,13,8,10,5,11,9,7,11,8,10,13,6,24,12,14,19,13,6,13,11,11,13,18,14,25,24,28,13,25,17,15,20,7,,26,8,21,6,10,12,15,15,,6,7,12,9,8,10,12,8,8,9,11,15,10,12,5,19,13,20,,13,7,11,28,10,10,23,17,35,25,27,21,10,27,23,19,16,33,9,4,16,17,12,9,20,22,18,27,45,39,26,25,13,38,33,35,12,13,45,37,,28,16,9,17,13
20210920,11,O3,69,81,66,72,91,90,84,84,69,75,95,95,83,74,79,42,97,8,30,115,60,130,119,41,69,54,76,50,46,51,46,50,53,129,99,104,105,75,131,81,52,120,74,104,82,95,75,63,60,79,87,67,70,31,38,30,52,37,54,71,55,42,59,30,56,83,55,75,66,68,61,51,60,72,64,77,70,92,72,43,68,79,98,48,85,69,59,45,65,78,55,60,60,37,81,54,58,57,48,45,73,33,58,45,50,76,92,39,66,100,105,94,43,84,39,72,32,69,78,36,46,30,54,66,64,90,82,89,70,90,82,64,51,66,82,73,83,67,50,62,39,61,49,26,50,73,92,68,48,71,65,68,47,69,86,107,107,49,78,32,48,55,86,59,80,94,91,,78,95,76,84,,148,132,134,83,130,61,70,38,53,42,124,72,93,96,132,,68,79,97,97,88,71,68,94,51,70,31,38,73,116,42,171,98,48,69,19,53,14,15,11,13,42,37,55,47,53,66,25,35,42,65,44,,84,84,66,68,63,68,73,79,70,92,62,72,76,95,79,96,64,92,71,59,69,62,80,55,64,52,94,83,75,79,88,93,68,95,77,61,57,53,63,55,65,64,74,72,52,66,64,64,44,58,52,54,84,57,47,44,61,51,50,54,55,70,58,36,79,82,47,86,98,48,52,43,92,35,,52,57,60,67,46,63,40,48,,34,24,60,57,25,25,67,54,55,15,63,16,26,68,54,66,78,70,,56,52,54,69,53,93,55,48,49,67,88,108,76,39,60,49,75,52,103,101,91,82,70,79,78,50,99,55,68,76,61,36,90,23,26,61,39,84,68,71,,68,69,34,89,54
20210920,11,O3_24h,79,87,92,88,104,97,93,96,79,85,97,95,92,90,91,122,110,121,50,162,216,186,220,128,158,251,219,212,228,238,173,135,188,221,150,150,179,270,203,131,143,168,168,152,158,123,156,168,71,113,88,144,110,135,65,37,123,53,91,120,84,115,94,39,101,126,71,75,113,108,94,101,105,161,109,132,107,112,131,83,148,106,160,130,91,68,97,61,158,89,99,74,95,125,97,110,112,114,49,58,109,100,76,53,180,123,130,87,67,100,105,96,77,97,86,95,116,78,97,128,63,97,73,193,195,170,82,91,83,90,81,70,54,85,134,78,83,84,97,97,58,171,113,77,95,121,157,103,73,71,100,106,98,124,107,111,118,114,118,123,102,55,91,127,107,94,91,,82,99,99,90,89,198,192,230,209,209,216,241,226,224,224,179,122,138,144,193,,80,75,153,98,86,97,75,92,74,119,126,78,128,116,71,133,125,154,95,146,98,136,110,84,100,74,71,106,64,66,66,65,54,42,72,59,50,179,193,141,163,150,129,197,160,169,144,135,158,180,145,153,117,87,124,122,141,121,118,100,125,171,117,148,86,85,84,88,91,74,95,77,182,64,68,201,61,135,210,122,72,71,116,82,120,121,89,70,88,84,113,79,93,116,89,105,99,66,100,91,97,109,118,124,115,100,84,124,98,114,109,,103,103,72,74,53,85,67,55,,52,55,94,90,39,46,67,54,63,81,76,40,58,104,104,116,126,124,,126,111,125,97,86,102,92,121,108,119,107,122,101,123,107,108,115,110,120,123,116,119,116,119,107,102,108,132,109,158,113,110,105,106,120,140,77,103,145,158,,112,154,43,91,91
20210920,11,O3_8h,68,79,64,80,89,77,77,73,63,77,82,82,77,35,53,18,102,7,22,80,48,75,72,59,53,52,64,59,45,52,39,70,38,63,75,41,82,40,84,49,63,72,33,57,49,43,55,48,43,95,54,56,69,15,15,19,18,13,19,30,30,15,24,11,24,27,18,49,57,51,22,24,45,75,67,75,49,67,61,45,59,70,44,38,74,65,50,35,50,80,85,50,38,77,87,65,26,54,21,17,40,39,30,16,15,45,47,10,53,81,59,60,19,48,42,50,14,42,71,13,19,23,34,39,41,51,49,62,30,59,39,23,27,40,67,62,39,47,22,49,24,24,24,12,17,34,44,49,27,38,38,40,20,43,63,89,94,23,87,34,65,33,83,104,94,76,85,,74,94,82,86,,80,84,88,74,84,43,73,41,50,44,75,54,42,55,67,,53,39,46,72,36,31,52,48,20,21,36,18,55,68,15,80,91,41,34,15,48,8,8,6,10,26,26,21,16,25,25,10,13,18,53,16,12,62,61,53,47,55,44,54,57,56,72,57,53,63,64,25,43,42,41,48,52,54,52,47,54,49,44,49,48,31,78,40,45,38,72,56,61,27,40,56,39,56,61,49,38,27,59,53,61,65,51,43,66,29,16,25,26,20,20,50,25,42,36,18,19,30,33,11,24,45,17,31,28,33,14,,25,37,31,31,18,26,27,24,,20,11,34,38,17,9,41,39,49,9,30,7,15,33,38,49,39,38,,52,39,37,33,19,44,50,22,34,52,45,74,64,18,29,20,29,19,73,65,63,49,43,79,32,28,65,64,46,51,51,44,84,20,35,62,42,71,67,33,,48,57,11,81,33
20210920,11,O3_8h_24h,70,80,83,83,99,91,89,80,73,77,89,82,91,52,54,45,102,22,27,91,131,85,88,121,53,119,85,93,107,72,95,111,138,63,93,51,96,56,84,80,89,72,51,77,49,44,60,54,54,97,54,72,72,17,23,26,18,14,19,30,47,23,31,13,28,30,18,49,77,54,28,28,52,82,69,75,71,90,63,81,68,70,44,88,78,62,75,48,50,83,93,50,48,124,92,85,44,76,22,20,52,46,33,16,15,46,65,12,53,81,76,70,26,62,59,51,14,52,73,14,19,24,40,108,146,58,49,80,46,59,39,36,29,54,72,72,41,54,33,57,24,48,27,17,30,56,71,87,27,40,45,40,20,56,73,103,94,37,94,42,88,43,83,114,96,77,85,,74,94,89,88,85,84,93,97,85,99,113,108,82,96,97,99,65,45,77,67,,72,63,72,78,42,40,57,56,26,24,54,18,61,105,15,81,105,41,36,23,69,9,8,7,12,40,33,21,16,26,25,11,13,18,62,27,23,62,61,53,93,78,44,142,57,56,72,63,95,85,64,26,59,77,50,79,74,56,52,48,58,51,60,51,55,43,79,43,45,38,72,56,64,27,47,59,57,66,67,55,46,29,61,53,70,110,64,43,66,29,16,46,29,20,21,60,40,54,49,19,24,41,35,11,24,45,25,31,42,33,24,,25,55,31,44,18,26,28,25,,31,12,42,42,23,9,41,39,62,9,34,8,15,33,49,72,59,41,,69,51,40,70,19,60,50,22,39,53,45,81,78,18,29,33,29,19,73,69,64,65,45,93,41,46,77,78,66,68,61,44,84,20,36,64,42,84,72,55,,52,57,11,81,38
20210920,11,CO,0.47,0.74,0.43,0.61,0.26,1.18,0.28,0.22,0.40,0.45,0.35,0.50,0.57,0.65,0.57,0.72,0.51,0.75,0.74,0.65,0.84,0.69,0.63,0.83,0.69,0.48,0.68,0.81,0.97,0.62,0.52,0.85,0.75,0.57,0.61,0.47,0.55,0.63,0.73,0.43,0.50,0.57,0.63,0.43,0.69,0.72,0.36,0.69,0.83,0.56,0.61,0.90,0.83,0.69,0.51,0.77,0.47,0.50,0.35,0.52,0.47,0.47,0.69,0.38,0.67,0.68,0.53,0.48,0.35,0.38,0.96,2.83,0.58,0.78,0.90,0.78,0.68,0.54,0.72,0.53,1.20,0.85,0.53,0.62,0.53,0.53,1.07,1.04,0.48,0.13,0.70,0.73,0.75,0.78,0.32,0.82,0.56,0.59,0.42,0.56,0.50,0.57,0.65,0.47,0.50,0.80,0.82,0.60,0.40,0.43,0.51,0.60,1.76,0.55,0.34,0.48,0.68,0.43,0.70,1.18,0.42,0.37,0.35,0.85,0.97,0.70,0.51,1.20,0.78,0.50,0.60,0.55,0.67,1.00,1.12,0.85,0.60,0.52,0.63,1.06,0.30,0.62,0.64,1.70,0.65,0.47,0.65,0.62,0.48,0.67,0.47,0.40,0.53,0.32,0.37,0.40,0.30,0.65,0.34,0.67,0.90,0.70,0.70,0.95,0.55,0.50,0.50,,0.40,0.80,0.50,0.30,,0.60,0.75,0.80,0.85,0.80,0.95,0.85,1.00,0.90,0.80,0.50,0.50,0.60,0.50,0.60,,0.60,0.67,0.40,0.62,0.60,1.00,0.52,0.67,0.50,0.93,0.20,0.25,0.65,0.22,0.30,0.10,0.35,0.72,0.43,0.45,0.60,0.68,1.00,1.15,0.85,0.45,0.50,0.43,0.30,0.40,0.67,1.90,0.53,0.63,0.45,0.20,0.40,0.75,0.73,0.82,0.70,0.68,0.33,0.67,0.82,0.68,0.80,0.87,0.73,0.67,0.45,0.63,0.40,0.40,0.55,0.80,0.88,0.60,0.65,0.82,0.65,1.20,0.73,0.45,1.14,0.97,0.55,0.73,0.72,0.88,0.65,0.73,1.40,0.55,0.92,0.97,0.76,1.20,0.80,0.60,0.87,0.77,0.87,0.72,1.10,0.75,0.52,0.93,1.15,0.55,0.82,0.70,0.68,0.72,0.58,0.50,0.53,0.55,0.57,0.45,0.63,0.47,0.53,1.05,0.53,0.50,0.75,0.43,0.50,0.67,0.30,,0.20,0.68,1.53,0.37,0.60,0.47,0.60,0.75,,0.60,0.90,0.70,0.60,0.45,0.65,0.50,0.40,0.30,0.45,0.55,0.75,0.90,0.65,0.45,0.40,0.50,1.10,,0.45,0.45,0.73,0.57,0.40,0.30,0.70,0.45,0.55,0.25,0.20,0.30,0.50,0.60,0.20,0.40,0.25,0.80,0.40,0.70,0.60,0.60,0.50,0.90,0.47,0.50,0.37,0.85,,0.90,0.10,0.60,0.20,1.20,0.30,0.47,0.20,0.40,0.65,0.30,,0.45,0.80,0.45,0.40,0.37
20210920,11,CO_24h,0.58,1.02,0.39,0.99,0.44,0.70,0.41,0.34,0.65,0.65,0.50,0.70,0.40,0.51,0.60,1.55,0.59,0.50,0.59,0.61,0.78,0.57,0.53,0.63,0.69,0.50,0.57,0.69,0.80,0.73,0.47,0.62,0.73,0.67,0.57,0.48,0.63,0.63,0.65,0.45,0.53,0.57,0.63,0.43,0.71,0.65,0.38,0.57,0.76,0.33,0.83,0.82,0.66,0.64,0.51,0.57,0.47,0.45,0.38,0.50,0.50,0.44,0.65,0.48,0.70,0.68,0.53,0.48,0.30,0.43,0.77,1.10,0.57,0.63,0.77,0.60,0.73,0.58,1.06,0.55,1.03,0.88,0.58,0.49,0.60,0.70,0.67,0.76,0.42,0.16,0.47,0.73,0.70,0.52,0.32,0.53,0.54,0.59,0.42,0.54,0.53,0.53,0.70,0.47,0.50,0.70,0.66,0.55,0.50,0.53,0.58,0.77,1.28,0.65,0.46,1.17,0.88,0.62,0.84,0.93,0.52,0.30,0.40,0.72,0.92,0.56,0.75,1.18,0.92,0.78,0.80,0.70,0.77,0.77,1.00,0.80,0.53,0.56,0.60,0.79,0.30,0.67,0.70,1.04,0.70,0.47,0.55,0.52,0.43,0.60,0.47,0.40,0.50,0.34,0.53,0.40,0.40,0.78,0.44,0.47,0.50,0.70,0.60,0.45,0.30,0.45,0.35,,0.45,0.75,0.50,0.30,0.60,0.50,0.65,0.73,0.50,0.70,0.90,0.80,0.80,0.75,0.75,0.45,0.70,0.70,0.50,0.70,,0.65,0.90,0.43,0.76,0.62,0.67,0.68,0.67,0.50,1.05,0.17,0.40,0.50,0.40,0.33,0.20,0.30,0.74,1.30,0.75,0.67,0.55,1.05,1.15,0.75,0.45,0.40,0.43,0.38,0.60,0.70,0.87,0.63,0.70,0.45,0.20,0.40,0.67,0.65,0.75,0.88,0.53,0.43,0.63,0.86,0.50,0.80,0.73,0.75,0.57,0.47,0.97,0.50,0.40,0.60,0.60,0.70,1.07,0.53,0.82,0.60,0.78,0.57,0.50,1.44,1.02,0.53,1.03,1.00,0.88,0.75,0.80,1.24,0.83,0.85,1.03,0.74,1.20,0.83,0.50,0.80,0.80,0.72,0.40,0.85,0.45,0.47,0.90,0.75,0.55,0.82,0.60,0.70,0.60,0.63,0.60,0.63,0.45,0.67,0.45,0.57,0.37,0.53,0.75,0.47,0.50,0.55,0.43,0.47,0.60,0.25,,0.20,0.58,0.77,0.37,0.60,0.43,0.55,0.50,,0.55,0.75,0.65,0.60,0.40,0.60,0.65,0.43,0.35,0.40,0.55,0.70,0.95,0.65,0.45,0.40,0.45,0.90,,0.35,0.45,0.50,0.53,0.60,0.45,0.45,0.45,0.45,0.25,0.15,0.35,0.50,0.40,0.30,0.30,0.25,0.40,0.20,0.70,0.60,0.50,0.40,0.40,0.27,0.40,0.43,0.55,0.55,1.05,0.20,0.50,0.20,0.83,0.45,0.77,0.30,0.40,0.75,0.35,,0.45,0.70,0.45,0.65,0.40
20210920,12,AQI,22,27,29,19,26,34,31,29,23,23,30,32,31,56,32,18,29,63,61,46,23,53,58,23,24,21,41,21,18,18,19,22,19,43,37,50,37,51,65,35,19,51,55,47,29,44,28,24,22,19,33,27,25,22,15,12,23,16,22,16,28,20,38,22,25,35,35,27,25,28,56,47,41,64,27,28,36,41,22,15,34,22,29,18,26,20,23,20,22,26,29,20,23,33,34,18,24,18,24,27,26,16,33,16,24,38,52,53,21,31,34,33,94,30,13,24,18,21,23,56,34,35,19,24,25,33,29,34,37,33,30,27,23,24,28,24,31,25,28,30,14,31,22,32,23,32,45,30,20,30,31,30,32,25,33,35,43,58,56,92,31,21,30,29,24,29,21,,27,27,29,26,,53,64,40,53,64,22,18,15,22,18,60,51,40,41,44,,24,48,36,33,32,34,29,33,43,75,27,24,56,38,26,60,36,20,22,19,18,57,42,33,45,20,21,29,29,27,23,18,45,23,22,16,16,29,31,24,23,21,21,29,28,29,32,36,23,26,34,31,31,22,35,25,22,23,23,28,42,22,33,49,36,34,28,33,34,34,33,27,24,29,66,26,24,24,27,25,27,24,24,24,26,19,22,27,18,27,51,38,28,40,35,18,20,23,27,24,17,35,34,31,37,36,31,24,21,34,19,,21,23,34,32,23,29,22,23,,18,24,31,21,13,31,23,33,19,13,22,30,16,29,22,65,28,56,,35,19,34,31,29,52,38,21,62,37,34,53,32,55,23,52,30,40,35,33,30,49,28,53,57,47,33,83,67,57,97,69,56,133,168,52,61,23,63,60,,25,29,10,30,27
20210920,12,PM2.5,3,1,7,4,5,9,6,8,7,5,4,4,5,29,19,7,6,22,18,28,9,31,41,12,6,4,19,8,11,5,11,5,6,25,24,28,23,17,39,20,9,26,20,23,4,29,14,4,3,8,12,9,7,11,6,7,8,8,9,8,8,5,20,10,10,17,12,9,7,11,22,30,13,25,10,9,18,17,8,9,24,6,15,8,8,5,4,6,5,3,7,2,5,23,14,9,12,9,17,11,10,11,9,7,8,20,23,30,6,1,5,8,70,8,3,4,8,6,6,24,9,16,7,11,11,6,10,11,12,12,11,10,12,11,6,3,9,10,8,16,6,12,11,18,9,12,21,17,12,18,12,12,8,10,5,6,15,30,15,28,17,2,11,20,9,3,9,,5,10,9,12,,37,41,23,17,40,9,7,7,4,5,33,36,18,26,28,,7,10,19,12,12,21,18,7,14,28,14,7,14,10,12,17,16,14,9,12,10,28,28,17,19,9,14,13,8,10,11,12,20,16,6,6,8,17,12,17,4,5,6,7,9,16,4,20,4,4,20,17,16,12,20,10,11,6,5,9,24,8,14,20,20,21,5,9,11,8,3,10,7,9,48,13,17,5,9,5,6,10,8,10,8,13,6,11,11,7,26,21,10,16,20,6,11,6,14,13,10,21,8,16,8,15,13,11,10,8,8,,8,10,19,6,6,7,7,14,,8,11,22,7,6,22,11,23,5,6,8,17,11,20,10,23,7,27,,10,5,10,8,9,13,19,7,17,14,5,14,9,9,5,24,5,28,8,13,14,11,11,16,19,16,9,25,25,17,23,25,15,99,70,13,7,15,20,30,,8,9,6,4,11
20210920,12,PM2.5_24h,10,9,9,16,10,4,14,21,19,16,8,8,5,10,16,37,10,17,12,24,32,27,28,13,18,31,29,31,29,30,25,18,26,37,18,18,30,32,27,18,12,26,32,24,18,19,17,19,7,6,10,11,12,8,6,7,6,5,6,11,10,6,21,7,14,14,8,10,7,7,18,18,16,25,14,16,16,16,23,11,27,16,20,13,3,4,6,10,16,5,9,12,8,13,8,6,10,17,8,5,16,14,11,7,8,17,18,12,6,2,11,8,36,9,17,24,22,10,23,24,11,17,11,31,34,21,12,5,9,14,11,8,20,14,13,5,12,19,7,17,6,12,10,18,12,13,13,12,9,14,9,7,8,8,6,7,14,19,18,31,14,5,4,8,6,11,7,,9,9,5,6,6,30,24,26,28,25,35,27,33,31,32,22,37,26,29,37,,13,7,23,6,15,15,14,9,10,24,20,17,18,17,15,13,22,29,24,26,36,24,24,14,13,9,15,12,13,16,21,12,17,18,10,9,13,22,22,18,23,21,23,30,18,18,13,14,22,28,19,30,25,16,15,25,15,26,15,11,19,24,21,30,15,20,7,13,10,10,8,11,21,9,16,27,12,8,22,11,9,5,17,16,9,14,18,10,17,6,18,16,16,17,18,10,17,11,22,16,10,11,11,12,12,14,11,8,8,7,15,,5,7,11,9,6,9,8,10,,3,10,19,8,10,12,9,17,9,7,9,12,9,13,8,13,8,23,,7,7,9,11,7,6,10,11,14,17,8,17,9,11,7,23,9,24,11,20,19,21,8,13,17,15,9,20,28,27,17,26,23,65,53,29,13,12,32,29,,17,24,7,13,7
20210920,12,PM10,4,2,12,11,6,11,6,9,6,11,6,7,6,62,24,12,21,76,72,46,16,55,63,23,16,13,41,13,11,7,13,9,14,43,37,50,37,51,57,35,18,52,60,47,12,44,21,24,4,16,31,15,9,22,15,11,23,16,22,16,28,11,38,22,24,32,35,13,19,28,62,47,41,78,12,7,36,41,15,15,15,13,25,11,5,5,5,6,12,6,8,16,4,32,34,15,19,14,24,27,22,15,33,13,15,38,53,56,13,5,11,18,69,17,6,16,18,8,9,61,34,35,11,16,10,10,22,23,37,19,16,24,23,17,7,7,11,20,28,30,14,25,22,32,15,31,45,30,16,21,31,30,32,25,33,29,43,66,61,133,31,2,30,28,14,6,9,,6,12,29,12,,52,72,40,55,62,18,12,13,6,13,63,30,40,41,42,,12,48,36,22,27,26,26,19,43,99,27,24,61,14,26,70,36,17,9,19,3,64,42,33,45,20,21,29,29,26,22,18,45,20,14,15,4,23,15,22,13,8,13,14,16,29,9,36,9,8,34,28,25,22,35,14,20,15,16,24,42,18,33,49,36,34,9,24,26,34,16,15,17,29,44,22,22,15,18,8,9,24,15,24,12,18,12,27,18,19,52,38,28,40,35,8,20,23,18,24,17,29,19,31,15,26,31,19,18,11,15,,14,17,34,11,11,15,14,23,,18,24,21,14,13,26,15,19,11,13,8,30,15,28,17,80,18,61,,35,18,34,31,29,54,38,21,74,37,31,56,32,60,22,54,30,37,13,25,28,49,24,55,64,47,28,116,84,64,144,88,61,216,286,53,71,22,75,69,,25,29,9,8,27
20210920,12,PM10_24h,10,14,12,22,19,7,16,24,28,24,9,5,7,18,36,69,21,49,33,38,56,43,42,29,31,60,51,49,49,51,44,33,47,63,29,35,50,65,44,31,25,42,67,39,47,39,28,47,8,20,18,21,24,20,16,12,18,14,17,25,24,14,37,19,26,26,25,18,19,17,49,32,43,90,25,19,32,27,35,22,25,22,40,25,3,6,8,10,30,17,14,20,5,24,21,11,21,26,16,20,28,23,33,15,17,33,31,26,10,3,18,13,37,13,40,48,46,22,26,53,34,33,17,52,56,37,18,13,16,22,18,17,31,25,20,12,18,29,19,29,16,26,20,21,16,23,36,22,17,18,20,19,22,20,17,33,44,53,68,105,17,7,11,22,13,16,13,,16,13,17,15,16,51,48,43,54,43,52,46,48,48,58,35,62,58,45,55,,20,16,40,17,25,20,18,19,32,88,33,41,55,28,25,38,43,54,48,53,54,56,43,32,38,23,22,28,35,29,43,22,34,24,14,22,20,42,42,31,44,40,37,53,26,36,32,26,36,45,31,45,37,27,32,47,22,45,29,27,39,46,39,48,23,26,4,19,14,17,12,14,42,19,16,52,15,18,48,24,13,21,28,25,18,27,27,17,25,13,46,31,34,43,35,17,31,20,37,34,19,21,24,24,21,26,26,17,17,15,24,,25,13,22,14,17,15,19,16,,11,12,20,17,12,16,16,18,13,16,13,21,15,29,16,31,21,48,,19,17,21,22,16,17,26,27,51,41,23,55,26,31,35,39,25,36,13,27,29,37,24,28,54,43,21,73,103,93,87,85,94,189,184,93,61,42,84,99,,38,70,16,22,18
20210920,12,SO2,3,5,6,4,4,8,6,5,9,2,4,7,6,20,11,8,7,7,10,7,3,5,7,6,6,7,4,5,6,5,4,4,4,7,8,5,7,6,6,4,6,5,6,6,5,5,9,6,7,5,7,6,5,6,6,5,8,3,5,5,6,8,8,4,12,8,7,7,14,6,13,37,9,11,7,10,12,8,7,7,7,20,8,4,5,5,7,6,7,6,4,5,5,5,4,8,9,7,11,12,5,6,6,7,7,6,6,24,6,5,9,9,17,9,7,5,14,9,13,10,5,8,5,9,7,7,4,12,7,7,6,9,6,5,8,7,3,14,8,20,4,8,7,32,9,5,9,3,5,10,8,5,5,8,6,4,6,25,7,6,10,4,3,6,4,8,8,,6,5,3,4,,9,12,8,7,10,5,16,6,5,8,11,4,2,6,6,,6,10,7,6,9,15,5,12,7,40,2,4,6,18,3,12,6,9,11,8,6,9,11,12,13,3,7,7,10,10,4,9,10,5,7,4,2,6,5,6,7,8,8,6,7,3,5,4,5,5,7,6,5,6,5,9,16,6,5,4,6,13,6,5,12,11,5,8,7,9,7,8,10,6,8,7,2,7,9,7,6,7,9,10,2,10,7,5,15,4,13,9,9,5,11,6,6,9,7,8,22,18,10,13,11,8,7,8,5,10,10,,8,9,9,8,2,6,13,9,,4,8,12,6,8,,7,6,7,8,5,4,4,8,10,7,5,9,,8,10,11,8,9,6,100,10,6,10,4,6,11,7,12,6,8,24,6,10,13,17,8,17,32,13,5,8,43,16,9,7,3,7,10,9,12,4,10,9,,14,4,3,7,7
20210920,12,SO2_24h,3,6,4,5,5,5,4,5,11,2,4,7,3,6,8,14,7,6,8,6,4,5,6,6,6,11,5,7,5,7,4,4,5,7,7,4,7,9,7,5,6,4,5,6,5,5,6,10,6,5,5,6,5,6,6,5,7,3,5,6,6,8,7,3,9,5,6,8,8,5,11,15,7,12,8,6,12,7,7,6,9,13,11,4,4,6,6,5,8,6,4,5,5,4,4,7,9,8,7,10,6,7,6,6,7,6,7,13,7,4,10,9,6,7,15,8,14,11,13,18,5,5,5,9,7,8,3,8,5,6,6,6,7,8,8,7,2,17,7,8,4,8,8,17,9,4,6,4,5,7,7,3,4,7,6,3,8,15,7,5,8,5,3,5,4,8,7,,7,5,4,4,6,9,10,8,8,9,6,8,9,7,9,8,6,2,6,6,,6,8,7,5,10,7,5,10,9,34,4,4,8,17,2,13,6,13,15,8,11,9,12,15,13,4,7,7,7,9,6,6,9,6,6,9,6,7,6,7,10,8,8,8,9,3,5,3,6,6,6,6,5,7,5,14,11,33,5,9,10,8,6,13,11,6,5,8,5,8,7,7,12,6,7,9,2,5,10,7,5,8,11,9,3,15,7,4,8,4,13,9,9,5,18,7,10,8,23,12,6,8,8,9,9,5,5,7,5,6,11,,8,8,6,7,2,6,8,5,,4,7,17,7,8,6,17,8,6,8,6,8,4,9,9,7,5,9,,8,9,8,8,9,7,42,9,5,10,4,7,9,6,12,5,7,12,6,9,14,10,8,14,9,9,5,8,9,20,11,8,4,6,7,11,12,4,12,18,,12,7,14,6,7
20210920,12,NO2,9,9,11,19,10,11,12,8,13,14,7,12,12,22,13,12,7,36,29,16,8,10,21,14,11,8,14,16,18,15,8,7,10,11,14,14,9,19,18,10,14,10,15,10,12,10,10,8,14,14,11,14,13,22,12,9,16,11,9,17,8,10,14,6,21,21,19,9,15,11,41,33,19,24,13,17,13,10,15,12,21,15,9,13,10,9,8,12,14,9,9,9,8,14,8,10,7,7,7,5,6,8,7,3,9,6,11,20,10,10,9,7,23,19,19,11,15,11,14,39,8,19,7,13,10,14,6,12,14,7,9,13,15,8,8,8,6,7,7,17,4,19,14,25,16,11,24,12,11,12,11,13,13,12,9,6,3,22,7,44,16,13,12,9,15,9,14,,12,11,5,4,,14,20,12,17,22,9,25,20,10,9,27,14,6,10,8,,7,4,6,11,11,15,10,9,25,20,15,9,9,6,9,10,8,15,17,23,9,30,22,19,34,11,10,12,18,11,5,11,18,12,8,6,8,4,6,14,13,10,4,6,7,5,8,7,12,14,7,8,5,5,6,10,11,7,7,7,7,10,13,7,10,14,9,9,6,10,8,6,10,10,13,11,7,9,10,9,5,5,12,9,8,7,10,7,33,4,8,9,4,9,7,3,5,10,5,7,20,13,12,13,15,8,23,8,11,11,7,,11,7,17,5,8,10,10,15,,7,8,6,6,6,,6,6,8,7,5,10,6,6,4,16,6,17,,12,6,14,11,6,3,22,16,24,20,10,9,7,21,8,16,10,21,7,5,8,16,5,43,14,18,8,28,18,11,8,17,10,42,35,15,8,11,22,10,,13,3,3,12,8
20210920,12,NO2_24h,13,16,12,24,14,11,14,16,27,18,12,16,11,23,25,36,14,28,23,16,15,15,15,12,16,21,16,21,20,18,13,9,15,27,15,20,17,25,18,10,12,17,26,10,16,15,14,13,25,6,20,15,9,21,12,10,16,10,13,19,11,16,20,16,27,30,20,15,16,15,43,33,24,39,13,12,24,16,21,16,19,19,20,13,9,16,8,24,16,15,10,16,13,6,12,6,14,10,8,8,12,6,13,9,17,10,11,13,12,13,16,15,29,28,28,21,27,17,19,31,22,14,14,20,17,14,13,16,18,19,23,24,16,10,10,9,10,11,7,12,6,25,23,22,18,20,26,14,13,18,17,10,21,16,21,10,10,28,19,35,15,32,9,4,14,11,11,,14,8,8,8,7,22,21,21,22,20,13,23,18,14,17,18,24,23,17,18,,12,8,14,16,30,23,11,19,27,37,13,21,17,20,13,13,9,24,27,29,17,36,24,19,21,13,11,15,23,13,15,10,21,20,13,17,14,7,11,14,17,16,8,14,9,9,11,7,13,17,9,20,13,10,10,13,11,17,12,11,9,13,12,15,19,22,10,20,14,14,13,9,15,13,13,15,9,8,12,9,10,5,11,9,7,10,8,10,13,5,25,12,14,19,13,5,13,12,11,13,19,15,26,23,28,13,25,17,14,21,7,,25,8,21,6,10,12,15,15,,6,7,11,9,8,10,12,8,8,9,11,14,10,12,5,19,13,20,,13,7,11,27,10,10,24,17,36,25,27,21,10,27,23,19,16,33,9,4,16,16,13,10,21,22,18,27,47,38,25,25,13,38,34,34,12,13,44,36,,28,16,9,17,13
20210920,12,O3,69,87,94,62,82,110,100,93,73,75,95,103,98,90,101,58,92,8,40,143,75,119,109,54,76,67,46,66,57,56,62,69,62,136,113,139,113,92,172,104,60,127,89,111,93,111,90,75,70,62,105,85,79,38,44,37,57,48,71,45,67,63,91,34,79,113,75,86,81,82,117,68,75,88,85,89,89,107,69,49,68,71,92,56,83,63,72,63,70,83,92,65,75,42,82,56,77,57,70,65,84,45,72,52,77,95,99,50,66,99,109,107,68,95,43,76,56,68,74,43,56,36,61,76,79,106,93,108,99,105,96,87,69,78,88,77,100,79,68,75,40,100,67,53,75,101,121,85,65,97,79,81,87,80,98,112,118,72,79,55,45,67,66,74,77,93,67,,87,87,77,83,,161,171,108,64,171,71,57,49,69,59,168,69,99,98,141,,76,101,107,105,102,110,94,107,64,103,32,45,85,120,51,136,111,50,69,28,58,22,21,27,16,45,41,59,51,86,74,41,53,67,70,51,50,94,98,66,74,66,68,92,91,82,101,84,74,84,102,99,99,69,103,80,71,75,73,88,63,70,57,80,102,98,90,104,108,90,105,86,77,70,67,82,73,76,85,81,86,71,78,73,82,62,69,74,48,85,76,61,68,55,68,58,65,63,86,68,47,111,110,93,119,114,73,77,66,109,60,,66,74,88,101,73,94,70,70,,52,48,89,68,36,30,75,64,61,26,70,30,37,78,69,79,91,94,,81,62,71,99,80,105,58,55,79,86,108,119,85,95,74,89,86,86,113,107,96,106,88,90,82,80,104,90,82,81,60,49,84,49,49,68,56,73,82,81,,76,82,32,95,67
20210920,12,O3_24h,79,88,96,88,104,110,101,97,80,85,97,101,98,94,101,120,107,121,50,162,216,186,220,127,158,251,219,212,228,238,173,135,188,221,150,149,179,270,203,131,143,168,168,152,157,125,148,162,80,113,105,141,108,134,69,38,123,57,91,120,84,134,96,36,103,126,76,86,113,108,109,101,105,161,109,132,107,113,131,83,148,106,160,130,90,69,97,67,158,86,99,72,94,125,97,109,112,114,70,66,109,100,77,53,180,123,130,87,67,101,109,105,77,98,86,91,116,80,97,128,63,97,73,193,195,170,93,108,99,105,96,87,67,85,134,77,100,84,95,96,50,171,113,77,95,121,157,103,73,97,100,106,98,124,107,112,118,114,118,123,102,67,91,127,107,94,91,,87,99,99,90,89,198,192,230,209,209,216,241,226,224,224,179,122,138,144,193,,82,101,153,105,92,110,89,107,73,119,126,78,128,120,71,133,124,154,95,146,98,136,110,84,100,74,71,106,64,86,74,65,59,67,72,59,65,179,190,139,163,143,123,197,160,169,138,135,158,180,145,153,117,87,124,122,128,121,118,97,121,169,116,148,102,98,91,104,104,90,105,86,182,70,71,201,70,135,210,112,86,71,109,82,120,121,89,76,88,95,113,78,93,114,85,105,99,66,100,91,97,112,119,124,119,114,84,124,98,114,109,,103,93,88,101,73,94,71,70,,55,55,94,90,39,36,75,64,63,81,79,40,58,104,104,116,126,124,,126,111,125,103,86,105,92,121,108,119,109,122,101,123,107,108,115,110,120,123,116,119,116,119,107,102,108,132,135,158,113,110,105,106,120,140,77,103,145,158,,112,154,41,94,91
20210920,12,O3_8h,69,80,66,78,87,80,80,74,64,78,85,86,78,42,60,23,100,7,24,88,45,81,77,53,57,50,61,59,43,51,39,66,43,75,79,55,85,47,96,55,60,79,39,65,56,53,58,51,48,92,63,59,70,19,19,21,24,18,27,34,34,18,34,14,31,40,27,54,58,55,36,29,49,76,69,77,54,70,63,43,62,72,53,36,76,59,51,38,54,80,85,53,46,67,86,61,32,53,28,24,46,38,37,21,24,52,55,17,57,85,66,65,26,57,41,53,21,46,73,17,25,25,37,44,42,61,56,68,39,67,48,31,31,45,69,63,49,50,28,52,26,33,32,18,25,45,53,52,34,49,44,45,29,47,67,92,98,29,85,37,60,38,80,99,92,78,84,,76,95,81,86,,91,95,91,73,95,45,69,40,50,44,88,56,53,60,80,,57,49,55,78,45,41,55,57,24,29,35,22,57,74,21,84,90,42,39,18,50,10,10,10,12,29,28,28,22,34,33,15,19,25,54,20,24,68,68,54,52,55,50,59,61,60,78,60,58,62,72,37,52,43,51,51,55,56,56,53,55,51,44,54,48,40,79,50,53,46,77,61,62,34,43,59,43,55,64,53,44,33,63,57,63,60,54,47,63,37,25,29,32,26,28,50,30,45,43,26,23,40,46,23,38,54,24,36,32,48,19,,30,40,41,39,26,35,32,30,,24,16,41,42,19,10,48,44,50,12,37,11,18,36,41,53,46,45,,55,41,41,42,28,53,51,27,38,56,54,78,66,29,35,28,37,28,78,71,69,57,49,80,40,34,69,66,55,53,51,45,85,26,39,61,43,71,70,38,,51,60,14,85,38
20210920,12,O3_8h_24h,71,81,83,83,99,91,89,80,73,78,89,86,91,55,60,47,100,22,29,91,131,86,88,121,57,121,85,93,107,72,95,111,138,75,93,56,97,56,96,80,89,79,51,77,56,53,62,54,58,97,63,72,73,20,24,26,24,18,27,34,47,20,38,15,33,40,27,54,77,56,38,31,54,82,70,77,71,90,65,81,69,72,53,88,79,63,75,49,54,83,93,53,51,125,92,85,44,76,28,24,52,46,37,21,24,52,65,17,57,85,77,71,27,64,59,53,21,55,74,18,25,25,42,108,146,64,56,81,48,67,48,36,32,54,72,72,49,55,33,57,26,49,33,20,33,61,71,87,34,49,47,45,29,56,74,103,98,40,94,43,88,43,83,114,96,78,85,,76,95,89,88,86,91,97,97,85,99,113,108,82,96,97,99,65,53,77,80,,73,63,72,79,46,42,57,59,29,29,54,22,61,105,21,85,105,42,40,24,70,10,10,10,13,40,33,28,22,34,33,15,19,25,62,27,24,68,68,54,93,78,50,142,61,60,78,63,95,85,72,37,61,77,55,79,74,58,56,53,58,52,60,54,57,45,80,50,53,46,77,61,65,34,48,60,57,66,67,56,49,33,64,57,70,110,64,47,66,37,25,46,34,26,28,60,40,54,49,26,26,45,46,23,38,54,27,36,42,48,24,,30,57,41,46,26,35,32,30,,31,16,42,43,24,16,48,44,62,12,37,11,18,36,49,72,59,45,,69,51,42,70,28,60,51,27,40,56,54,81,78,29,35,33,37,28,78,71,69,65,49,93,42,46,80,78,32,68,61,45,85,26,39,64,43,84,72,55,,55,60,14,85,39
20210920,12,CO,0.47,0.69,0.32,0.60,0.38,0.97,0.27,0.22,0.40,0.43,0.43,0.53,0.60,0.85,0.57,0.53,0.54,0.81,0.74,0.67,0.80,0.68,0.77,0.80,0.67,0.48,0.93,0.74,0.97,0.63,0.52,0.80,0.73,0.52,0.65,0.50,0.54,0.63,0.77,0.40,0.47,0.53,0.50,0.40,0.67,0.68,0.34,0.70,0.86,0.76,0.55,0.88,0.85,0.70,0.51,0.78,0.46,0.47,0.38,0.50,0.46,0.43,0.65,0.36,0.66,0.59,0.57,0.46,0.32,0.38,0.57,2.60,0.53,0.55,0.95,0.90,0.61,0.56,0.80,0.50,1.13,0.88,0.47,0.62,0.57,0.52,0.88,0.81,0.53,0.13,0.73,0.65,0.52,0.90,0.30,0.90,0.54,0.53,0.42,0.54,0.47,0.57,0.65,0.47,0.47,0.70,0.80,0.55,0.43,0.43,0.44,0.55,1.98,0.53,0.30,0.48,0.85,0.46,0.75,0.88,0.40,0.35,0.35,0.87,0.95,0.67,0.48,1.18,0.73,0.43,0.52,0.50,0.64,1.00,1.10,0.83,0.53,0.50,0.63,1.09,0.30,0.65,0.60,1.44,0.65,0.38,0.63,0.62,0.45,0.60,0.45,0.37,0.43,0.34,0.37,0.40,0.30,1.13,0.32,0.60,1.00,0.40,0.90,0.80,0.70,0.50,0.70,,0.45,0.90,0.50,0.30,,0.60,0.75,0.77,0.70,0.80,0.95,0.93,1.05,0.90,0.75,0.50,0.50,0.60,0.45,0.55,,0.58,0.63,0.33,0.66,0.56,0.80,0.50,0.65,0.55,0.75,0.17,0.25,0.35,0.22,0.30,0.10,0.30,0.58,0.60,0.45,0.53,0.70,1.00,0.70,0.85,0.45,0.40,0.43,0.30,0.47,0.20,1.22,0.40,0.40,0.45,0.20,0.60,0.73,0.70,0.83,0.68,0.65,0.37,0.60,0.78,0.65,0.73,0.77,0.73,0.67,0.45,0.57,0.37,0.37,0.55,0.75,1.32,0.57,0.67,0.90,0.67,1.02,0.73,0.42,0.86,0.88,0.53,0.63,0.68,0.73,0.65,0.67,1.24,0.57,0.88,1.00,0.78,1.15,0.80,0.67,0.80,0.70,0.82,0.63,1.05,0.68,0.55,0.93,1.78,0.45,0.73,0.67,0.63,0.45,0.57,0.53,0.53,0.55,0.53,0.45,0.80,0.37,0.47,0.83,0.47,0.45,0.68,0.37,0.50,0.55,0.30,,0.20,0.70,1.00,0.33,0.55,0.40,0.55,0.75,,0.65,0.75,0.60,0.60,0.35,0.60,0.45,0.40,0.30,0.35,0.55,0.70,0.90,0.60,0.50,0.45,0.50,1.00,,0.35,0.45,0.80,0.37,0.35,0.30,0.60,0.60,0.35,0.20,,0.30,0.50,0.45,0.20,0.25,0.30,0.50,0.50,0.70,0.50,0.50,0.40,0.80,0.37,0.45,0.33,0.70,,0.75,0.10,0.60,0.20,1.13,0.45,0.40,0.30,0.40,0.55,0.20,,0.45,0.80,0.45,0.42,0.37
20210920,12,CO_24h,0.58,1.00,0.39,0.99,0.36,0.72,0.40,0.32,0.63,0.65,0.50,0.70,0.42,0.51,0.59,1.52,0.57,0.52,0.60,0.61,0.78,0.58,0.53,0.64,0.69,0.50,0.59,0.69,0.80,0.72,0.48,0.63,0.73,0.67,0.57,0.48,0.63,0.63,0.65,0.43,0.53,0.57,0.60,0.43,0.71,0.65,0.38,0.57,0.79,0.35,0.82,0.82,0.66,0.64,0.50,0.62,0.47,0.45,0.38,0.50,0.50,0.42,0.65,0.48,0.70,0.68,0.53,0.48,0.32,0.43,0.77,1.13,0.57,0.63,0.78,0.62,0.73,0.58,1.04,0.55,1.03,0.88,0.58,0.50,0.62,0.70,0.67,0.76,0.42,0.16,0.47,0.73,0.70,0.52,0.32,0.53,0.54,0.59,0.42,0.56,0.53,0.53,0.70,0.47,0.47,0.70,0.70,0.60,0.50,0.53,0.57,0.75,1.36,0.65,0.46,1.13,0.90,0.60,0.84,0.93,0.52,0.30,0.40,0.75,0.95,0.57,0.75,1.16,0.92,0.78,0.78,0.70,0.73,0.77,1.00,0.80,0.53,0.56,0.60,0.81,0.30,0.67,0.70,1.06,0.70,0.47,0.55,0.52,0.45,0.60,0.47,0.40,0.50,0.34,0.47,0.40,0.40,0.78,0.44,0.47,0.50,0.70,0.60,0.50,0.30,0.45,0.35,,0.40,0.75,0.50,0.30,0.60,0.50,0.65,0.73,0.50,0.70,0.90,0.80,0.80,0.75,0.75,0.45,0.70,0.70,0.50,0.70,,0.65,0.88,0.43,0.72,0.60,0.67,0.68,0.67,0.50,1.07,0.17,0.40,0.50,0.38,0.33,0.20,0.30,0.74,1.25,0.75,0.65,0.58,1.05,1.10,0.75,0.45,0.40,0.43,0.38,0.60,0.67,0.90,0.60,0.70,0.45,0.20,0.45,0.68,0.65,0.75,0.83,0.53,0.43,0.65,0.86,0.50,0.80,0.77,0.77,0.57,0.47,0.97,0.50,0.40,0.60,0.60,0.72,1.05,0.53,0.82,0.60,0.78,0.57,0.50,1.48,1.00,0.53,1.03,1.00,0.88,0.75,0.80,1.22,0.83,0.88,1.03,0.74,1.20,0.83,0.50,0.80,0.80,0.73,0.42,0.90,0.47,0.47,0.93,0.80,0.55,0.82,0.57,0.70,0.60,0.60,0.53,0.60,0.45,0.67,0.45,0.57,0.37,0.53,0.75,0.47,0.53,0.57,0.40,0.47,0.60,0.25,,0.20,0.58,0.77,0.37,0.60,0.43,0.60,0.55,,0.55,0.75,0.65,0.60,0.40,0.60,0.65,0.43,0.30,0.35,0.55,0.70,0.95,0.65,0.45,0.40,0.45,0.95,,0.35,0.45,0.50,0.53,0.60,0.40,0.45,0.45,0.45,0.25,0.15,0.35,0.50,0.40,0.30,0.30,0.25,0.40,0.20,0.70,0.60,0.50,0.40,0.40,0.30,0.40,0.43,0.55,0.60,1.05,0.20,0.45,0.20,0.83,0.45,0.77,0.30,0.40,0.75,0.35,,0.45,0.70,0.45,0.65,0.40
20210920,13,AQI,21,28,35,19,24,38,35,28,23,23,25,31,35,64,37,20,29,61,60,56,29,44,49,21,24,23,27,25,23,23,23,22,23,41,37,51,37,35,74,37,20,49,56,42,31,41,27,27,23,23,37,30,30,26,15,15,24,13,21,15,27,25,39,17,33,42,32,30,29,31,39,47,44,60,33,33,34,37,22,19,26,22,33,19,26,23,24,24,23,27,19,22,26,34,27,21,26,19,33,30,26,16,25,18,28,36,38,44,22,35,36,37,64,33,15,23,21,21,23,35,27,36,20,28,28,34,32,41,40,37,34,33,29,28,29,26,35,27,34,33,13,43,28,27,32,39,48,34,27,37,30,29,33,28,34,36,41,64,56,78,19,23,50,36,21,28,23,,26,23,29,26,,33,60,26,27,54,29,20,20,25,26,64,53,40,37,38,,27,40,34,36,34,49,33,36,38,60,22,20,50,39,19,48,35,17,16,18,23,52,37,19,40,13,22,37,24,21,23,19,36,23,23,16,19,32,33,26,24,23,24,32,30,37,33,35,25,30,32,37,38,20,41,29,29,28,22,46,37,29,30,39,36,38,30,35,37,40,35,31,29,26,47,31,30,28,35,29,30,28,30,27,29,21,27,30,27,33,35,27,25,20,37,20,23,26,33,24,21,40,39,35,38,38,30,30,21,38,23,,24,28,30,34,28,34,27,27,,27,19,34,22,16,29,28,31,22,12,24,24,21,27,25,36,32,52,,29,27,28,37,26,40,37,24,45,36,37,47,32,38,28,33,35,34,39,33,33,41,30,51,55,42,34,75,62,55,106,72,61,136,107,52,45,39,71,53,,30,28,14,32,29
20210920,13,PM2.5,3,1,7,7,4,6,5,7,8,2,10,5,8,42,16,6,6,22,17,33,8,19,22,10,6,12,10,8,13,6,10,6,6,24,25,31,22,13,36,24,9,27,15,21,6,28,14,4,3,12,13,10,7,14,5,5,10,7,10,8,5,5,21,8,11,13,10,9,9,11,16,33,11,23,8,14,21,20,6,9,18,5,15,8,5,6,2,6,7,2,8,4,5,24,8,6,11,8,18,14,10,7,8,8,8,19,23,24,7,2,6,8,46,10,4,4,7,5,5,13,7,17,6,13,12,5,10,14,10,12,10,9,10,11,6,2,8,9,11,18,6,14,12,15,8,12,23,19,8,17,12,13,8,10,9,6,14,41,14,31,10,2,35,25,7,4,11,,5,5,5,2,,18,38,15,5,35,9,10,10,7,5,35,37,18,22,24,,8,9,16,12,8,24,19,8,14,26,14,7,13,9,12,10,13,12,9,6,9,28,26,8,14,7,11,10,5,8,6,9,13,7,6,5,6,20,17,11,8,6,6,10,8,19,4,20,5,5,18,19,17,12,22,9,11,5,3,11,18,7,11,16,22,10,6,8,9,10,4,7,5,6,33,14,16,12,8,6,5,6,5,10,6,10,6,11,16,8,22,19,12,14,21,6,7,6,12,13,10,17,6,15,6,16,18,11,12,6,6,,6,12,12,6,8,5,8,12,,8,8,17,5,8,20,13,22,6,7,9,12,7,13,9,14,6,17,,4,7,10,9,9,12,16,6,13,18,5,15,9,7,8,14,5,24,5,9,11,12,9,9,16,10,8,23,21,15,20,25,12,104,57,14,6,4,7,29,,7,14,7,4,13
20210920,13,PM2.5_24h,9,9,9,15,8,4,13,21,18,16,8,8,5,11,15,37,10,17,13,24,31,26,28,13,17,30,28,30,29,29,25,17,25,37,18,18,30,31,27,18,12,26,31,24,17,19,17,18,6,6,10,11,12,8,6,7,6,5,6,11,10,6,21,7,14,14,8,10,7,8,18,19,16,26,14,15,17,16,21,11,27,16,20,12,3,4,6,10,15,5,8,11,7,13,8,6,10,17,8,5,16,14,11,7,8,17,18,13,6,2,10,8,37,9,16,22,22,10,22,24,11,17,11,30,33,20,13,6,10,14,11,9,18,12,12,4,12,18,7,17,6,13,10,18,12,13,14,12,9,15,9,7,9,8,7,7,14,20,18,31,13,4,6,9,6,10,7,,8,8,5,6,6,30,25,26,27,25,34,26,31,30,30,23,37,26,29,37,,12,7,23,6,14,15,15,9,10,24,20,17,19,16,15,12,22,29,24,25,35,25,25,13,14,9,15,12,13,16,20,12,17,18,10,9,13,22,22,18,22,20,23,29,17,18,12,13,21,27,18,30,24,15,15,25,15,25,15,11,19,22,20,29,16,20,7,13,10,10,7,11,20,9,17,26,12,8,20,10,8,5,17,16,9,14,18,10,16,5,18,16,15,17,19,9,17,10,22,16,10,11,11,12,12,15,11,8,8,7,15,,5,7,11,9,6,9,8,11,,3,8,18,8,10,13,10,18,9,7,9,12,9,13,8,14,8,23,,7,7,9,11,7,7,10,11,14,17,8,17,9,11,7,23,9,24,10,20,19,21,9,13,17,15,9,20,28,27,17,26,22,66,52,28,13,12,31,30,,17,24,7,12,8
20210920,13,PM10,4,2,11,8,8,10,5,10,6,6,8,4,11,77,23,10,22,71,69,53,19,44,49,21,21,18,25,14,19,6,12,11,12,41,35,52,37,35,54,36,19,49,62,42,11,41,22,19,7,19,31,12,8,26,13,12,24,11,21,13,27,12,39,17,23,21,32,11,22,29,38,43,44,69,18,17,34,36,16,16,10,10,28,9,5,6,4,6,13,5,14,8,3,28,15,8,24,14,33,30,19,12,25,13,14,36,38,44,19,6,12,17,48,15,6,15,17,8,6,35,27,36,11,16,13,12,23,27,32,23,19,28,18,21,12,8,7,15,34,33,13,26,23,24,14,23,48,31,15,28,30,29,30,25,32,30,41,77,61,105,19,5,50,28,13,7,14,,10,13,29,9,,33,70,26,11,57,16,16,17,9,12,77,30,40,37,36,,10,40,30,23,24,32,30,18,38,69,22,15,50,15,19,48,34,14,13,13,3,54,35,19,40,13,22,37,24,20,11,16,36,10,12,15,2,31,15,22,15,12,11,16,15,37,11,35,12,9,32,28,27,20,41,18,12,14,7,46,37,15,30,39,33,34,9,26,26,40,28,12,15,26,44,19,22,10,16,12,8,22,25,18,12,14,11,26,27,11,35,27,25,15,37,13,14,24,31,16,17,22,15,32,11,26,30,18,21,11,14,,10,20,23,10,14,12,10,20,,19,10,15,11,7,25,7,19,13,12,9,24,21,18,14,36,21,53,,12,27,28,29,21,40,37,23,45,36,27,47,32,14,23,18,23,31,16,17,25,30,19,52,59,42,30,100,73,60,161,93,72,153,164,53,45,39,91,56,,23,28,14,10,29
20210920,13,PM10_24h,9,13,11,21,17,7,16,23,26,24,9,5,7,21,34,67,21,51,34,39,54,43,42,29,29,59,50,48,48,49,42,32,45,62,29,35,50,63,44,30,24,43,68,39,44,39,28,45,8,20,19,19,23,21,16,12,18,14,17,25,24,14,37,19,27,27,26,18,19,18,49,33,43,90,24,19,32,27,33,21,24,21,39,23,3,6,7,9,27,16,13,19,4,24,21,11,21,25,17,20,28,22,33,15,17,32,31,27,11,3,17,14,39,13,38,46,45,21,24,54,34,33,17,50,54,36,18,14,17,23,18,18,29,23,19,11,17,28,19,29,16,26,20,22,16,23,36,23,17,19,21,20,23,20,19,34,43,54,67,105,17,7,13,23,13,16,13,,15,13,18,15,17,50,49,42,52,43,50,44,46,46,55,37,61,57,45,54,,18,17,39,18,25,21,19,20,33,89,33,40,55,27,24,38,43,53,46,52,51,56,43,31,38,22,22,29,35,30,42,22,35,23,14,23,18,41,40,29,41,38,36,51,25,34,30,25,34,43,30,45,37,27,33,46,22,44,28,27,39,43,38,48,24,27,4,19,15,19,11,14,39,19,17,48,13,16,45,22,11,21,28,24,17,26,26,17,25,13,46,30,33,42,35,16,31,20,37,33,20,21,24,25,21,27,26,17,17,15,24,,24,12,22,14,16,15,19,17,,12,13,20,17,11,16,16,19,13,16,13,21,16,29,16,32,22,49,,19,18,21,23,17,18,27,28,53,41,23,54,27,32,35,39,26,36,13,27,29,37,24,29,56,39,21,73,105,91,89,86,92,185,185,92,61,42,84,97,,37,68,16,20,18
20210920,13,SO2,3,11,5,5,4,11,6,5,9,3,4,7,4,37,10,8,7,6,9,7,4,5,8,6,6,7,5,5,6,5,4,4,4,6,8,5,7,6,7,4,6,6,4,6,5,5,5,5,6,5,6,6,5,6,6,5,8,3,5,6,5,7,7,3,11,7,7,7,11,6,11,29,6,9,9,12,16,7,6,7,6,12,6,4,5,5,6,7,7,5,4,5,5,5,4,8,9,8,10,11,5,6,6,8,7,6,5,16,6,5,8,9,15,9,7,6,13,9,9,10,5,8,5,10,7,8,4,9,7,9,5,7,7,5,8,7,2,12,9,18,4,10,8,25,9,6,10,3,5,10,8,5,4,6,8,4,8,43,6,5,9,5,3,6,4,8,8,,6,5,4,4,,7,10,7,6,9,5,17,7,5,8,10,5,2,5,6,,6,9,7,6,8,21,5,12,7,38,3,4,6,17,3,10,6,9,12,4,7,9,9,10,11,4,7,7,8,11,4,6,8,4,5,5,4,6,5,6,6,5,8,6,6,4,5,4,5,4,6,5,5,5,5,14,14,5,4,3,5,10,6,5,10,10,6,8,6,10,8,7,10,6,7,6,2,4,9,8,6,8,7,10,2,7,7,8,17,4,10,8,8,4,7,6,7,8,29,7,23,15,10,11,9,7,8,7,5,7,10,,9,9,6,6,2,8,9,7,,4,7,7,6,8,,7,7,6,8,5,4,4,8,9,7,5,8,,7,10,13,7,8,6,49,8,5,8,4,7,10,5,11,5,7,22,5,7,8,9,8,16,26,13,5,9,69,12,9,6,4,7,9,7,11,4,7,10,,13,3,4,7,7
20210920,13,SO2_24h,3,6,4,5,4,5,4,5,10,2,4,7,3,7,8,14,6,6,8,6,4,5,6,6,6,11,5,7,5,6,4,4,5,7,7,4,7,9,7,5,6,4,5,6,5,5,6,10,6,5,5,6,5,6,6,5,7,3,5,6,6,8,7,3,9,6,6,8,8,5,11,16,7,12,8,6,12,7,6,6,8,13,11,4,4,6,6,5,8,6,4,5,5,4,4,7,9,8,8,11,6,7,6,6,7,6,7,14,7,4,10,9,7,7,14,7,14,10,12,18,5,5,5,9,7,8,3,8,5,6,6,6,7,7,8,7,2,17,7,9,4,8,8,17,9,5,6,4,5,7,7,4,4,7,6,3,8,15,7,5,8,5,3,5,4,8,8,,7,5,4,4,6,9,10,8,8,9,6,8,9,7,9,8,6,2,6,6,,6,8,7,5,10,7,5,11,9,35,4,4,8,17,2,13,6,13,15,8,10,9,12,15,13,4,7,7,7,9,5,6,9,6,6,9,6,7,6,6,10,8,8,8,9,3,5,3,5,6,6,6,5,7,5,14,11,32,5,9,9,8,6,13,12,6,5,8,6,8,7,7,12,6,7,9,2,5,10,7,5,8,11,9,3,15,7,4,8,4,13,9,9,5,18,6,10,8,24,12,7,9,9,9,9,5,6,7,5,6,11,,8,8,6,7,2,6,8,5,,4,7,16,7,8,6,17,8,6,8,6,8,4,9,9,7,5,9,,8,9,8,8,9,7,43,9,5,10,4,7,9,6,12,5,7,12,6,9,14,10,8,14,10,9,5,8,12,20,11,8,4,6,7,10,12,4,12,18,,12,6,14,6,7
20210920,13,NO2,8,7,8,17,11,11,10,12,12,14,10,13,8,25,11,12,7,35,25,15,8,12,21,13,10,7,10,15,17,13,8,8,9,10,13,14,8,17,16,9,14,9,11,6,10,8,11,6,14,14,10,13,10,23,11,6,20,9,9,15,7,9,10,7,19,13,13,9,12,10,25,38,10,16,12,18,18,8,14,9,14,14,9,13,9,9,8,10,13,9,14,9,8,13,7,11,6,8,6,6,5,3,6,3,6,6,10,12,10,10,7,5,18,16,11,14,17,9,11,22,6,18,6,14,8,15,5,11,11,7,9,9,12,7,7,7,5,6,6,15,4,15,12,15,12,10,23,10,10,11,10,9,12,10,11,4,2,27,5,37,17,12,14,9,15,10,11,,6,12,5,4,,14,15,15,13,15,7,27,20,12,7,26,13,6,9,6,,7,4,5,11,6,17,8,8,20,21,14,7,8,6,8,5,9,15,23,12,8,31,21,25,21,11,9,10,16,6,5,7,10,11,7,6,5,3,5,8,15,10,4,6,7,4,8,6,12,12,5,6,5,4,8,8,10,6,7,6,6,7,10,5,9,10,9,9,6,10,9,5,8,8,11,9,6,9,9,6,2,4,10,8,6,7,6,6,32,3,9,7,5,7,6,3,5,8,6,4,19,8,12,10,10,7,26,7,7,10,9,,7,6,16,3,5,8,9,13,,5,6,5,4,6,8,6,6,8,7,5,10,6,5,3,12,6,12,,3,7,9,8,5,3,21,12,8,15,7,7,6,11,6,15,6,23,4,6,6,11,4,31,11,7,7,27,18,7,9,15,6,33,12,11,7,2,13,7,,8,2,4,12,7
20210920,13,NO2_24h,13,15,12,23,13,10,14,15,26,17,12,16,10,24,24,36,13,29,23,16,15,15,15,12,16,21,16,21,20,18,13,9,14,27,15,20,17,25,18,10,13,17,26,10,16,15,14,13,24,7,19,16,9,21,12,10,16,10,13,19,11,16,20,16,27,30,20,15,16,14,43,33,23,40,13,12,24,16,21,16,19,19,20,14,9,15,7,22,16,15,10,15,13,7,11,6,14,10,8,8,12,6,13,9,17,10,11,13,12,13,15,15,29,28,27,21,27,17,18,32,22,15,14,20,17,14,13,16,18,19,23,23,16,10,10,9,10,11,7,12,6,25,23,22,18,20,26,14,13,18,17,10,20,16,21,10,10,28,19,35,15,31,9,4,14,11,11,,14,8,8,8,6,22,21,21,22,20,13,23,18,14,17,19,24,23,17,18,,11,7,13,16,30,23,10,18,29,38,13,21,17,19,13,12,9,25,27,29,17,37,25,20,22,13,11,15,23,13,15,10,21,20,13,17,14,7,11,13,17,16,8,13,9,9,11,7,13,18,9,20,13,10,10,13,11,17,12,11,9,13,12,15,18,21,9,20,14,14,12,9,15,13,13,14,8,8,12,9,9,5,11,9,7,10,8,10,14,5,25,12,14,19,13,5,13,12,11,13,19,15,26,23,28,13,26,17,14,21,7,,25,8,22,6,10,13,15,15,,6,7,11,9,8,10,12,8,8,9,11,14,10,12,5,19,14,20,,13,8,12,26,10,10,24,18,36,26,27,21,10,28,23,19,16,34,9,4,16,16,13,11,21,22,18,27,48,37,24,25,13,39,33,33,11,12,43,36,,27,16,9,17,13
20210920,13,O3,68,88,113,60,78,123,111,90,74,74,81,98,112,132,118,63,92,8,45,165,93,67,54,60,77,75,86,79,72,75,72,71,72,132,118,155,116,71,179,117,65,132,85,103,100,119,87,85,73,75,118,97,96,59,48,47,75,43,68,48,75,79,112,32,105,135,100,97,94,98,125,72,96,92,107,105,102,118,70,61,80,70,106,60,84,75,76,76,75,86,61,71,83,51,85,68,84,60,86,72,83,51,78,58,91,108,97,70,70,111,115,117,91,105,47,73,67,68,74,45,61,38,63,89,91,110,101,130,127,118,109,107,92,90,94,83,111,87,86,87,38,136,91,85,101,125,155,110,87,118,89,94,105,91,109,115,114,89,83,75,62,75,69,70,66,88,74,,84,72,77,83,,94,140,64,86,162,94,65,63,79,82,107,74,94,102,123,,86,115,110,115,109,157,107,115,76,136,32,64,99,124,57,131,113,46,52,57,73,20,25,28,36,42,46,60,56,68,73,60,66,73,74,52,62,103,107,83,76,73,76,101,97,90,105,103,79,96,98,117,120,63,118,93,93,88,70,81,68,93,68,90,115,122,97,113,117,109,111,99,94,79,83,100,96,89,112,93,96,91,95,85,93,68,86,96,57,104,91,68,68,65,84,63,75,84,105,78,67,129,126,112,121,122,93,95,68,123,72,,76,88,96,108,89,110,87,87,,87,62,109,71,51,38,89,70,69,27,76,45,48,85,81,96,103,115,,92,72,91,117,83,110,63,78,110,105,119,123,89,120,89,107,113,86,124,106,106,130,97,110,97,106,108,96,89,86,63,71,97,74,106,75,56,86,89,80,,97,87,29,103,77
20210920,13,O3_24h,79,90,113,88,104,123,111,97,80,85,97,105,112,132,118,116,107,121,51,166,216,186,220,126,157,250,219,212,228,238,173,135,188,221,149,156,179,270,203,130,143,168,168,150,156,129,122,162,81,113,118,130,108,134,68,47,122,57,85,120,89,134,112,36,109,136,92,97,113,108,131,101,105,161,111,132,107,118,130,82,144,106,152,129,88,75,97,78,153,87,99,75,94,125,97,105,112,114,86,72,109,100,79,58,180,123,123,87,70,111,115,117,91,106,85,84,114,80,97,128,62,97,73,192,195,170,101,130,127,118,109,107,92,90,129,83,111,87,90,97,44,171,113,85,101,126,157,110,87,118,100,106,105,124,111,115,119,113,118,123,102,75,91,127,107,94,91,,87,99,99,90,90,198,191,230,209,209,216,241,226,224,224,179,122,138,144,192,,86,115,153,115,98,157,107,115,73,136,126,78,128,124,71,142,124,153,94,146,98,136,108,84,100,74,71,106,62,88,74,66,67,73,74,59,65,179,166,139,163,135,122,191,160,166,129,135,136,180,139,153,120,85,124,122,127,121,118,90,113,154,115,147,115,122,97,113,117,109,111,99,182,79,83,201,96,135,210,108,96,91,99,85,120,119,91,96,88,104,112,78,88,114,88,101,97,84,111,79,97,129,126,124,121,122,93,124,98,123,109,,103,93,96,108,89,110,87,87,,87,62,109,90,51,35,89,70,69,81,82,45,58,104,104,116,126,124,,126,111,125,117,86,110,92,121,111,119,119,123,101,122,107,110,115,110,124,123,116,130,116,119,107,106,108,132,135,158,113,110,105,106,120,140,77,103,145,158,,112,154,41,103,91
20210920,13,O3_8h,69,81,70,76,86,85,85,75,64,77,85,89,82,55,70,30,99,7,27,99,49,81,75,49,61,52,64,60,44,53,42,64,48,87,84,72,89,53,110,64,58,88,46,73,63,66,61,57,53,91,72,63,72,25,24,25,33,23,35,38,42,30,47,18,42,55,40,61,62,61,42,35,54,77,74,81,60,76,65,43,67,74,63,41,79,64,52,43,57,80,80,55,52,58,85,58,40,54,37,32,53,39,45,28,35,60,63,25,61,89,74,75,37,68,41,57,29,50,75,22,32,27,41,52,51,70,64,75,52,75,58,43,39,53,72,66,59,56,36,57,28,48,42,27,37,57,68,60,43,61,51,52,40,53,73,95,101,39,84,41,56,44,79,94,90,80,83,,77,92,81,85,,94,103,89,75,105,50,66,43,53,47,92,60,64,67,89,,61,60,65,84,57,57,62,68,34,46,34,29,61,84,28,92,91,43,42,24,55,11,13,13,15,31,30,34,29,40,41,22,27,33,56,26,31,74,75,60,58,56,57,66,67,65,83,64,62,64,79,51,63,46,62,57,61,61,58,59,58,56,47,61,58,52,81,62,65,55,82,67,65,41,49,64,52,60,69,58,53,41,68,60,66,56,58,53,61,48,36,34,37,33,37,51,37,50,53,35,29,54,59,35,52,64,34,45,38,61,27,,37,45,50,50,35,46,40,41,,32,23,51,47,24,15,56,48,51,15,45,15,22,45,47,58,55,55,,60,45,48,54,37,63,52,35,46,62,64,84,70,42,43,40,48,38,84,77,74,68,56,84,50,43,74,68,75,59,52,49,87,33,47,62,45,74,74,48,,57,64,18,89,44
20210920,13,O3_8h_24h,71,82,83,83,99,91,90,80,73,78,89,89,91,62,70,49,100,22,30,100,131,86,88,121,61,121,85,93,107,72,95,111,138,87,93,72,99,57,110,80,89,88,53,77,63,66,67,58,62,97,72,72,74,26,27,27,33,23,35,38,47,30,47,18,43,55,38,61,78,61,42,35,57,83,74,81,71,90,67,81,72,74,63,88,80,64,75,51,57,83,93,55,54,125,92,85,44,76,37,32,54,46,45,28,35,60,67,25,61,89,80,75,37,70,59,57,29,58,75,23,32,27,43,108,146,71,64,84,53,75,58,43,39,55,73,73,59,58,36,59,28,51,42,28,39,68,72,87,43,61,51,52,40,57,77,103,101,46,94,44,88,44,83,114,96,80,85,,77,95,89,88,87,94,103,97,85,105,113,108,82,96,97,99,65,64,77,89,,74,63,73,84,55,57,62,68,35,46,54,29,62,105,28,92,105,43,42,27,71,12,13,13,15,40,33,34,29,40,41,22,27,33,62,28,31,74,75,60,93,78,57,142,67,65,83,64,95,85,79,51,65,77,62,79,74,61,58,59,59,56,60,61,63,52,82,62,65,55,82,67,66,41,51,64,57,66,69,59,54,41,68,60,70,110,64,53,66,48,36,48,38,33,37,60,42,54,53,35,30,54,59,35,52,64,34,45,42,61,27,,37,58,50,52,35,46,40,41,,34,23,51,47,26,18,56,48,62,15,45,15,22,45,49,72,59,55,,69,51,48,70,37,64,52,35,46,62,64,84,78,42,43,40,48,38,84,77,74,68,56,93,50,47,84,78,75,68,61,49,87,33,47,64,45,84,74,55,,59,64,18,89,44
20210920,13,CO,0.47,0.64,0.26,0.57,0.44,0.95,0.23,0.22,0.40,0.47,0.43,0.50,0.40,1.10,0.54,0.46,0.56,0.79,0.65,0.67,0.73,0.86,0.96,0.83,0.70,0.53,0.84,0.79,1.00,0.62,0.54,0.78,0.70,0.52,0.60,0.48,0.51,0.73,0.75,0.37,0.43,0.60,0.47,0.33,0.59,0.70,0.30,0.68,0.68,0.73,0.51,0.88,0.80,0.68,0.50,0.52,0.49,0.45,0.37,0.47,0.44,0.40,0.64,0.36,0.63,0.49,0.49,0.42,0.27,0.36,0.60,2.20,0.47,0.48,0.88,1.00,0.99,0.42,0.68,0.50,0.77,0.87,0.45,0.65,0.57,0.46,0.82,0.55,0.50,0.14,0.87,0.63,0.45,0.78,0.30,0.76,0.52,0.47,0.42,0.52,0.45,0.50,0.60,0.40,0.47,0.70,0.86,0.50,0.47,0.43,0.42,0.52,1.86,0.52,0.30,0.48,0.86,0.50,0.70,0.77,0.43,0.30,0.33,0.85,0.88,0.66,0.43,1.30,0.65,0.55,0.50,0.45,0.58,0.97,1.10,0.80,0.43,0.46,0.63,1.03,0.30,0.63,0.62,0.90,0.67,0.38,0.60,0.56,0.43,0.55,0.45,0.37,0.40,0.30,0.37,0.35,0.33,1.63,0.32,0.50,0.90,0.60,1.00,0.85,0.60,0.65,0.65,,0.45,1.10,0.50,0.30,,0.65,0.85,1.03,0.65,0.80,0.95,1.00,1.10,0.90,0.80,0.70,0.50,0.50,0.45,0.55,,0.53,0.55,0.30,0.68,0.50,0.82,0.47,0.60,0.30,0.98,0.17,0.25,0.25,0.28,0.27,0.10,0.30,0.60,0.70,0.33,0.50,0.68,0.95,0.70,0.55,0.45,0.40,0.40,0.27,0.43,0.20,0.65,0.35,0.33,0.40,0.25,0.45,0.70,0.60,0.70,0.72,0.70,0.47,0.60,0.70,0.55,0.70,0.73,0.73,0.65,0.40,0.50,0.40,0.30,0.65,0.70,1.15,0.60,0.70,0.84,0.65,1.00,0.73,0.45,0.64,0.70,0.55,0.60,0.68,0.78,0.63,0.60,1.16,0.53,0.82,0.97,0.73,1.15,0.87,0.70,0.70,0.67,0.78,0.57,1.03,0.63,0.55,0.90,1.85,0.50,0.75,0.57,0.63,0.42,0.47,0.50,0.53,0.45,0.60,0.45,0.80,0.33,0.43,0.65,0.40,0.45,0.88,0.33,0.47,0.53,0.25,,0.20,0.67,0.85,0.27,0.50,0.30,0.55,0.70,,0.60,0.65,0.45,0.60,0.35,,0.50,0.40,0.30,0.40,0.50,0.65,0.90,0.50,0.40,0.35,0.45,0.85,,0.30,0.45,0.80,0.33,0.30,0.25,0.55,0.55,0.20,0.20,0.10,0.30,0.50,0.30,0.10,0.30,0.20,0.60,0.30,0.70,0.50,0.40,0.40,0.50,0.37,0.40,0.33,0.55,0.20,0.70,0.10,0.50,0.20,0.80,0.25,0.40,0.20,0.30,0.45,,,0.45,0.80,0.45,0.42,0.33
20210920,13,CO_24h,0.58,1.00,0.38,0.97,0.36,0.72,0.39,0.32,0.60,0.65,0.47,0.68,0.40,0.53,0.58,1.47,0.58,0.53,0.61,0.61,0.79,0.58,0.54,0.64,0.70,0.50,0.60,0.69,0.80,0.72,0.50,0.65,0.73,0.65,0.57,0.48,0.63,0.63,0.65,0.43,0.53,0.57,0.60,0.40,0.70,0.65,0.36,0.59,0.78,0.38,0.78,0.83,0.66,0.64,0.50,0.63,0.46,0.45,0.38,0.50,0.50,0.42,0.65,0.48,0.70,0.68,0.54,0.48,0.32,0.42,0.77,1.20,0.57,0.64,0.80,0.65,0.73,0.58,1.04,0.53,1.03,0.88,0.53,0.50,0.63,0.70,0.68,0.76,0.43,0.14,0.47,0.73,0.68,0.52,0.32,0.57,0.54,0.57,0.42,0.56,0.53,0.53,0.70,0.50,0.47,0.75,0.70,0.60,0.50,0.53,0.56,0.73,1.40,0.65,0.46,1.07,0.88,0.58,0.84,0.93,0.52,0.30,0.38,0.77,0.95,0.57,0.75,1.16,0.92,0.78,0.78,0.70,0.73,0.80,1.00,0.83,0.53,0.56,0.60,0.81,0.30,0.65,0.70,1.04,0.70,0.47,0.55,0.52,0.45,0.60,0.47,0.40,0.50,0.36,0.47,0.40,0.37,0.80,0.44,0.47,0.55,0.70,0.60,0.50,0.30,0.45,0.35,,0.35,0.75,0.50,0.30,0.60,0.50,0.65,0.73,0.55,0.70,0.90,0.83,0.85,0.75,0.75,0.45,0.70,0.70,0.50,0.70,,0.63,0.88,0.43,0.68,0.60,0.67,0.66,0.63,0.50,1.07,0.17,0.40,0.50,0.35,0.33,0.20,0.30,0.74,1.25,0.73,0.60,0.58,1.05,1.10,0.75,0.45,0.40,0.43,0.38,0.60,0.67,0.88,0.57,0.70,0.45,0.20,0.45,0.68,0.65,0.75,0.80,0.55,0.43,0.65,0.86,0.50,0.80,0.73,0.77,0.57,0.47,0.97,0.50,0.40,0.60,0.60,0.75,1.02,0.55,0.82,0.60,0.80,0.57,0.50,1.46,0.97,0.53,1.02,0.97,0.90,0.75,0.80,1.22,0.83,0.88,1.03,0.74,1.20,0.80,0.50,0.80,0.80,0.73,0.45,0.90,0.47,0.47,0.93,0.85,0.55,0.82,0.57,0.68,0.58,0.63,0.53,0.60,0.45,0.63,0.45,0.53,0.37,0.53,0.75,0.47,0.53,0.57,0.37,0.47,0.60,0.25,,0.25,0.58,0.80,0.37,0.60,0.43,0.60,0.55,,0.55,0.75,0.65,0.60,0.40,0.60,0.65,0.43,0.30,0.35,0.55,0.70,0.95,0.65,0.45,0.40,0.50,1.00,,0.35,0.45,0.53,0.53,0.60,0.40,0.45,0.45,0.45,0.25,0.15,0.35,0.50,0.40,0.30,0.30,0.25,0.40,0.30,0.70,0.60,0.50,0.40,0.40,0.30,0.40,0.43,0.55,0.60,1.05,0.20,0.45,0.20,0.83,0.45,0.73,0.30,0.40,0.75,0.35,,0.45,0.70,0.45,0.65,0.40
20210920,14,AQI,22,27,38,18,25,43,36,29,23,24,25,34,38,70,37,21,29,56,53,63,33,36,25,26,27,28,32,31,30,26,25,23,24,44,38,52,38,25,47,38,22,57,53,31,32,36,23,27,23,27,41,31,36,29,14,18,29,16,20,20,23,26,38,12,39,45,36,34,33,34,38,43,41,57,38,41,34,37,20,24,27,23,36,21,28,28,26,25,27,28,16,22,25,29,26,23,28,20,32,28,25,18,25,19,30,39,27,34,26,38,37,36,64,35,14,19,21,21,24,27,20,34,20,32,32,36,33,43,43,41,34,36,34,30,31,27,37,28,22,31,11,47,35,33,34,40,83,38,33,38,31,33,35,31,38,36,39,77,55,64,21,25,59,23,27,23,30,,24,23,32,26,,28,56,34,27,45,34,26,26,30,28,53,51,37,46,39,,31,43,32,38,35,59,35,39,43,66,26,23,43,40,20,42,37,16,17,20,21,46,33,14,31,18,21,31,18,21,23,21,27,22,23,17,22,35,34,30,24,29,27,33,33,34,34,35,30,31,41,38,40,23,42,34,36,30,24,53,28,36,28,33,40,42,35,37,38,41,36,35,34,26,36,34,35,33,39,34,33,34,33,29,30,22,30,33,44,37,33,29,22,24,27,21,24,30,36,25,29,38,43,39,36,40,39,35,25,40,33,,25,30,35,37,30,37,29,29,,33,22,36,23,14,21,31,33,23,11,26,21,20,30,30,34,37,36,,30,24,34,38,28,35,29,32,56,38,38,43,33,41,31,38,37,33,40,36,34,56,34,39,41,41,34,73,67,50,99,67,66,93,85,40,53,36,70,59,,35,29,12,33,27
20210920,14,PM2.5,2,1,8,6,5,7,7,10,9,4,10,5,6,51,14,6,6,22,14,38,8,9,11,12,9,9,6,8,14,9,11,8,8,24,26,28,23,11,28,25,10,27,14,19,5,24,10,5,3,18,12,13,8,15,6,4,11,7,7,11,5,5,21,7,9,10,10,8,7,12,14,24,11,20,10,13,24,13,8,9,17,6,14,9,3,5,3,8,5,2,10,4,5,20,6,6,10,9,17,14,8,5,5,8,7,21,15,19,5,1,6,8,46,11,4,7,6,5,5,11,4,13,6,14,11,4,10,19,7,13,11,8,10,9,5,4,10,7,11,14,4,15,10,15,8,12,26,18,7,16,11,14,7,10,9,6,13,33,13,22,11,2,42,15,6,13,8,,9,6,8,4,,11,29,6,9,27,8,11,9,6,5,15,36,17,25,24,,6,7,14,14,7,26,20,9,14,31,18,8,9,9,11,2,13,10,10,5,8,25,23,2,10,4,10,10,3,8,6,9,7,6,6,5,5,16,12,10,7,7,6,7,10,19,5,18,6,6,20,18,16,10,24,4,9,4,5,14,14,7,11,14,20,10,6,7,9,10,7,7,6,7,21,15,15,15,7,5,5,6,10,10,7,9,6,8,25,7,18,17,12,14,13,6,6,6,15,12,9,11,5,9,8,13,26,11,10,5,6,,4,13,10,7,6,5,8,9,,6,7,16,6,6,12,14,23,7,6,10,9,4,12,8,7,4,8,,2,6,11,8,8,13,13,6,13,17,8,13,8,5,6,9,5,22,11,16,7,8,6,10,15,12,9,23,22,14,22,18,14,69,41,11,9,14,16,41,,8,9,8,5,13
20210920,14,PM2.5_24h,9,8,9,14,7,5,13,21,18,15,8,8,5,14,15,36,9,17,13,24,30,25,27,13,16,29,27,29,28,28,24,17,24,36,18,19,30,30,28,18,12,26,31,24,16,20,17,17,6,7,10,10,11,9,6,7,6,5,6,11,10,5,21,8,14,14,8,10,7,8,18,19,15,26,13,15,17,16,20,10,26,16,19,12,3,4,6,9,15,4,8,9,7,14,8,5,10,16,9,6,16,13,11,7,7,17,18,13,6,2,10,8,39,9,15,21,21,10,21,24,11,17,11,29,32,19,13,6,10,15,11,9,16,11,12,4,11,17,7,17,6,13,10,17,12,14,14,13,10,15,10,8,9,8,7,6,14,20,18,31,13,4,8,10,6,10,6,,8,7,6,6,6,29,25,25,26,25,33,25,29,28,29,22,37,26,29,37,,11,7,23,7,15,16,15,9,11,25,20,17,19,16,15,12,21,28,23,24,35,25,26,13,14,8,15,12,13,16,20,12,17,18,10,9,13,21,21,17,21,19,22,28,16,18,11,13,20,26,18,29,24,15,15,24,14,24,14,11,19,21,20,29,16,20,7,13,11,10,7,11,18,9,18,24,12,7,19,9,7,5,17,16,9,13,17,9,17,5,18,16,15,17,19,9,16,10,22,15,10,11,11,12,12,15,12,9,9,7,14,,5,8,11,9,6,9,9,11,,3,8,18,8,9,13,10,18,9,7,9,13,9,13,8,14,8,24,,7,7,9,11,8,7,10,11,14,18,8,17,9,11,7,23,9,24,11,20,19,21,9,13,18,14,9,21,28,27,18,26,21,67,52,27,12,12,30,30,,16,23,8,12,8
20210920,14,PM10,3,2,14,8,7,12,11,14,3,9,11,4,12,76,25,11,23,61,55,60,18,36,16,16,20,18,14,14,25,14,17,17,19,44,36,53,38,25,47,37,22,64,55,30,14,36,21,18,6,25,32,13,12,28,13,14,29,6,20,20,23,10,37,9,23,17,29,15,22,31,31,43,41,64,15,20,34,28,19,16,3,23,29,12,6,8,5,4,13,5,15,16,4,29,11,6,18,12,32,28,17,11,15,16,14,35,14,34,15,6,12,15,52,18,5,16,20,7,10,27,19,34,12,22,14,14,24,31,25,26,22,23,12,21,9,8,7,14,22,28,11,23,20,28,12,21,53,36,13,18,28,33,31,24,31,35,39,103,60,77,17,2,53,23,8,21,15,,16,19,32,9,,20,61,13,21,45,15,18,15,8,13,56,31,37,46,35,,7,43,25,22,24,39,31,12,43,81,21,15,43,18,20,42,30,8,13,10,3,46,29,14,31,18,21,31,18,19,12,13,27,11,8,16,2,27,14,14,14,13,7,15,15,34,9,30,14,8,36,25,26,23,41,18,16,12,3,55,28,17,28,33,34,37,9,25,24,41,21,9,13,16,36,20,22,16,17,7,9,20,30,20,13,13,11,24,44,12,33,29,22,11,27,8,16,26,36,18,16,21,11,20,9,24,39,17,18,13,16,,10,21,21,10,12,13,11,17,,16,5,16,12,7,21,11,22,16,7,7,21,20,21,12,16,13,29,,7,15,29,27,25,35,29,16,62,35,23,43,33,13,20,21,25,30,14,17,26,30,14,35,41,41,26,96,83,50,148,84,82,125,119,40,56,36,90,68,,26,21,12,9,25
20210920,14,PM10_24h,8,12,11,19,16,8,15,22,24,23,9,5,7,24,32,66,21,52,35,39,53,42,40,28,27,57,48,46,47,47,40,31,43,62,29,35,50,60,45,30,24,44,68,39,42,39,27,44,7,21,20,18,22,21,16,12,19,14,17,25,24,14,37,19,27,27,26,18,19,18,49,34,43,90,23,18,33,28,31,20,23,21,38,22,3,5,7,9,25,15,12,18,3,24,20,10,21,25,18,21,28,21,33,15,17,31,30,28,11,3,16,14,41,14,37,44,44,21,23,54,34,34,17,49,52,34,19,15,18,23,19,19,26,21,17,11,16,28,19,30,16,26,21,22,16,24,37,24,17,19,21,21,24,20,19,34,42,55,68,105,16,6,15,23,13,16,13,,15,12,18,14,17,49,49,41,50,43,49,43,44,44,52,38,60,57,45,54,,16,18,38,18,25,22,19,20,34,90,33,40,53,26,25,37,43,52,44,49,49,57,44,31,39,22,22,29,35,29,42,22,35,22,14,23,17,39,38,28,39,36,35,49,23,33,29,24,32,42,30,44,36,27,33,45,22,42,28,28,38,41,38,47,25,29,5,20,16,20,11,14,37,19,18,46,14,15,40,21,10,21,28,23,17,26,25,17,26,13,46,30,33,41,36,14,30,20,37,33,20,22,24,25,21,27,27,17,17,15,25,,24,13,23,14,16,15,17,17,,13,13,21,17,11,16,15,19,13,16,13,21,16,29,16,32,22,49,,19,18,22,23,17,20,26,28,54,41,24,52,28,32,35,39,26,37,14,26,29,37,24,29,56,37,21,74,107,90,92,88,90,184,185,89,61,42,85,96,,37,66,16,20,19
20210920,14,SO2,2,6,5,4,4,13,5,5,9,2,5,7,4,27,9,8,7,6,9,7,3,5,8,6,6,8,6,5,6,6,4,4,4,6,8,5,7,6,6,4,8,5,5,6,5,4,8,5,6,5,6,6,5,7,6,5,7,3,5,6,6,7,6,3,9,6,7,7,8,6,8,15,6,8,9,12,26,6,7,10,6,21,6,4,5,5,8,5,7,5,4,5,5,5,4,10,9,7,8,11,5,7,6,9,7,7,4,11,6,5,8,8,29,8,7,6,12,8,9,9,5,8,5,11,9,9,4,7,7,8,5,7,7,5,8,7,2,10,7,15,4,9,9,21,9,6,7,2,5,10,8,5,4,4,8,3,8,30,6,6,9,6,4,6,4,8,8,,7,5,3,4,,7,9,7,7,8,5,11,7,5,8,9,5,2,6,6,,6,9,4,5,6,22,5,12,10,28,3,4,7,16,2,10,6,8,14,3,6,9,13,11,11,4,7,7,8,10,4,5,8,4,3,7,4,6,5,8,11,5,8,6,7,3,5,4,5,5,7,7,5,4,5,10,12,5,5,7,7,7,6,7,10,9,6,8,6,9,7,7,11,6,9,6,2,4,8,7,5,8,9,10,2,6,6,8,17,5,9,9,7,5,5,6,6,8,18,8,12,11,10,7,8,6,10,7,5,6,10,,9,12,4,8,3,9,9,5,,5,7,9,6,8,6,6,11,6,8,5,4,4,9,11,7,4,8,,7,10,11,6,8,6,17,8,5,7,3,5,10,5,11,5,6,18,6,6,8,8,8,14,13,9,4,9,28,12,10,6,3,6,3,7,11,3,6,8,,12,3,4,7,7
20210920,14,SO2_24h,3,6,4,5,4,6,4,5,10,2,4,7,3,8,8,13,6,6,8,6,4,5,6,6,6,11,5,7,6,6,4,4,5,7,7,4,7,9,7,5,6,4,5,6,5,5,6,10,6,5,5,6,5,6,6,5,7,3,5,6,6,7,8,3,9,6,6,8,9,5,11,16,7,12,8,6,13,7,6,6,8,14,11,4,4,6,6,5,8,6,4,5,5,4,4,8,10,8,8,11,6,7,6,6,7,6,7,14,7,4,10,9,8,6,14,7,13,10,12,18,5,5,5,9,7,8,3,8,5,6,6,6,7,7,8,7,2,18,7,9,4,8,8,17,9,5,6,4,5,7,7,4,4,7,6,3,8,15,7,5,8,5,3,5,4,8,8,,7,5,4,4,6,9,10,8,8,9,6,8,9,7,9,8,6,2,6,6,,6,8,7,5,10,8,5,11,9,36,4,4,8,16,2,12,6,13,15,8,10,9,12,15,12,4,7,7,7,9,5,6,9,6,6,9,6,6,6,6,10,8,8,8,9,3,5,3,5,6,6,6,5,7,5,14,11,32,5,9,9,8,6,13,12,6,5,8,6,8,7,7,11,6,7,8,2,5,10,7,5,8,11,9,3,15,7,4,8,4,13,9,9,5,18,6,10,8,24,12,7,9,9,9,9,5,6,7,5,6,11,,8,8,6,8,2,6,8,5,,4,7,16,7,8,6,17,8,6,8,6,7,4,9,8,7,4,9,,8,9,8,8,9,7,44,9,5,10,4,7,9,6,12,5,7,13,6,8,14,10,8,14,10,10,5,8,13,20,11,8,4,6,7,10,12,4,12,17,,12,6,14,6,7
20210920,14,NO2,8,8,8,19,9,10,10,11,11,12,11,14,7,23,10,14,7,37,22,17,7,9,24,13,10,7,10,14,16,13,8,7,10,11,14,15,9,19,18,9,18,10,12,7,11,8,13,6,12,14,10,11,9,21,12,5,15,7,14,17,7,9,9,4,15,8,6,9,12,9,16,23,9,13,13,16,24,7,17,7,13,13,9,13,8,7,7,9,12,9,16,10,9,14,7,11,6,6,6,5,5,3,5,3,6,8,5,6,7,10,8,5,17,16,15,21,15,9,9,18,6,18,6,14,11,14,5,8,9,7,9,9,11,8,8,7,5,5,6,11,3,9,11,15,11,7,21,9,7,9,8,8,8,9,11,4,2,26,6,20,15,12,12,9,11,13,9,,13,14,5,4,,15,17,12,21,16,6,26,19,11,8,24,14,6,11,6,,6,4,5,13,5,18,7,6,25,15,14,5,6,5,7,4,6,13,19,12,8,24,15,26,21,12,9,12,18,9,5,5,12,13,10,8,4,4,6,9,17,10,4,6,7,4,8,5,10,12,7,7,5,4,9,8,8,5,8,6,5,6,9,7,8,9,8,10,6,8,9,6,8,7,9,7,4,8,6,7,3,3,11,8,5,6,6,5,28,3,8,6,4,5,4,3,5,7,6,3,14,4,11,7,7,6,24,8,6,7,7,,7,6,9,4,4,7,7,8,,3,5,4,4,6,6,6,5,8,9,5,10,6,6,3,13,3,10,,3,5,8,8,5,3,18,9,6,9,7,6,6,6,6,11,2,16,4,6,5,10,2,17,6,8,7,24,12,5,9,13,6,21,11,9,7,2,11,5,,5,2,5,11,6
20210920,14,NO2_24h,13,15,11,23,13,10,13,15,25,17,11,16,10,24,23,35,13,30,24,16,15,15,16,11,15,20,16,21,20,18,13,9,14,26,15,20,17,25,19,10,13,17,27,10,16,15,15,13,23,7,19,15,9,22,13,10,16,10,14,19,11,16,20,16,27,30,20,15,16,14,43,34,23,39,14,13,24,16,21,15,19,19,20,14,9,14,7,21,16,14,10,15,13,7,11,6,14,10,8,9,12,7,13,9,17,10,11,14,12,12,15,15,29,28,26,20,27,17,18,32,22,15,14,20,17,14,13,15,18,18,22,23,15,10,10,9,10,11,7,13,6,25,23,22,18,20,26,14,13,17,17,10,20,16,21,10,10,29,19,35,15,29,9,4,14,10,11,,14,8,7,8,6,22,21,20,22,20,12,23,18,14,17,19,24,23,17,18,,11,7,13,15,29,23,10,18,30,38,13,21,17,19,13,11,9,24,26,29,16,38,25,21,22,13,11,15,23,13,14,9,21,20,14,17,13,7,11,13,17,16,8,13,9,9,11,7,13,17,9,20,13,10,10,13,11,17,12,11,9,13,12,15,18,21,9,20,14,14,12,9,14,13,13,14,8,8,11,9,9,5,11,9,7,10,8,10,15,5,25,12,14,20,14,5,13,12,12,13,19,15,26,23,28,13,26,17,14,21,7,,25,8,21,6,10,13,15,15,,6,7,11,9,8,10,12,8,8,9,11,14,10,12,5,19,14,21,,13,8,12,26,10,10,24,18,36,25,27,21,10,28,23,19,16,34,9,5,16,17,13,11,21,22,18,27,48,36,24,25,13,39,33,32,11,12,43,35,,27,16,9,16,13
20210920,14,O3,70,86,123,58,80,137,116,92,75,77,79,110,123,175,117,67,92,9,47,170,107,90,80,82,85,91,102,98,97,83,80,75,77,127,121,151,123,75,100,123,64,126,80,98,103,115,75,87,74,85,130,99,115,92,46,59,91,52,60,53,69,84,123,37,124,144,115,109,106,110,121,99,101,96,123,131,108,119,63,78,87,70,116,66,91,88,83,81,85,88,50,70,80,59,84,73,91,63,89,75,80,58,81,60,96,124,86,77,82,123,118,115,122,113,46,60,66,68,78,50,63,39,65,103,103,116,107,139,137,131,110,116,109,97,98,85,117,89,68,99,36,151,113,104,109,129,186,120,106,122,99,105,112,99,120,114,119,108,86,97,66,80,92,72,86,74,95,,78,75,74,83,,88,94,109,87,107,108,84,83,95,88,90,70,102,120,124,,98,123,102,123,111,167,112,124,77,148,31,74,115,127,60,105,119,50,53,64,67,36,37,29,35,44,52,56,58,68,74,66,66,69,73,55,69,112,110,96,78,94,85,104,105,103,109,113,96,99,130,122,128,57,134,110,115,97,76,59,67,114,78,94,128,133,111,118,122,114,115,111,109,83,105,109,111,104,124,108,104,110,106,94,97,71,96,105,74,118,92,72,71,76,76,66,77,97,108,81,92,123,139,125,115,127,116,112,79,129,106,,80,97,111,117,96,118,93,94,,104,69,114,75,46,40,100,91,74,34,84,59,52,95,96,109,117,115,,96,78,109,121,89,113,78,103,117,123,120,123,92,132,98,120,118,104,127,116,110,165,110,126,117,114,109,122,112,88,65,92,109,102,115,80,56,87,86,85,,113,94,30,107,86
20210920,14,O3_24h,79,90,123,88,104,137,116,97,79,85,97,112,123,175,120,107,107,120,52,171,214,186,220,128,156,249,217,212,228,238,173,133,188,220,147,159,179,270,203,128,141,168,165,126,156,125,113,162,81,114,130,126,115,131,67,59,129,57,84,104,89,133,123,38,125,146,106,109,114,110,136,100,105,161,123,134,113,119,128,82,140,106,139,127,92,88,97,82,138,89,99,75,94,125,97,100,111,111,90,77,109,100,81,60,180,124,119,87,82,123,118,117,122,113,85,79,103,77,97,128,64,97,73,192,195,170,107,139,137,131,111,116,109,97,129,85,117,90,86,101,40,171,116,104,109,130,186,120,106,123,101,107,112,124,120,115,121,117,118,123,102,80,92,127,107,94,95,,87,99,99,90,90,196,183,222,204,202,216,241,225,224,224,173,122,138,144,192,,98,123,152,123,99,167,112,124,95,148,126,78,128,127,71,142,124,147,89,143,93,135,108,84,100,74,71,106,59,88,74,67,67,73,74,59,69,179,160,139,163,135,122,190,160,165,126,135,135,180,139,153,128,85,134,122,119,121,118,90,113,144,104,146,128,133,111,118,122,114,115,111,176,85,105,201,111,135,210,110,104,110,106,94,116,113,96,105,87,118,107,76,85,110,88,83,92,97,111,81,103,129,139,126,121,127,116,124,98,129,109,,102,94,111,117,96,118,93,94,,104,69,114,84,51,43,100,91,74,81,87,59,58,104,104,116,125,124,,126,111,125,121,89,113,92,120,117,123,121,124,94,132,107,120,118,108,127,123,116,165,116,126,117,114,109,132,135,158,113,110,109,106,120,140,77,103,145,158,,113,154,36,107,93
20210920,14,O3_8h,69,82,76,73,84,92,90,77,65,76,85,93,87,76,79,37,97,8,30,111,59,85,77,49,65,57,70,65,49,56,49,64,54,99,91,90,95,60,113,74,57,97,52,81,71,78,66,62,58,90,83,68,77,35,30,31,44,30,41,43,48,44,61,21,56,71,53,70,68,69,59,45,60,80,81,87,68,83,65,46,72,74,76,46,82,69,56,48,62,80,74,59,58,52,84,55,50,56,46,40,60,41,54,35,47,72,70,35,66,95,84,85,51,79,40,60,37,54,76,28,39,29,46,61,61,79,73,85,68,85,68,56,51,61,77,69,71,61,43,65,31,65,54,39,50,70,88,69,54,72,59,61,53,61,81,99,104,50,83,46,52,51,81,87,89,80,84,,78,90,79,84,,98,105,92,76,109,58,68,49,58,53,95,64,73,78,99,,67,72,75,91,68,76,70,80,39,64,33,37,70,96,35,97,94,44,44,30,57,15,17,15,18,34,33,41,35,46,49,29,35,40,59,32,40,82,82,67,63,62,63,73,74,72,88,69,69,70,91,66,78,50,76,65,69,67,60,62,60,65,52,69,71,67,85,74,77,66,87,75,70,49,58,70,62,67,76,66,62,53,73,65,71,55,64,62,61,60,47,41,44,42,45,53,44,57,64,45,40,68,72,51,66,76,47,55,45,75,39,,45,53,61,63,46,59,49,52,,44,31,63,51,28,16,65,54,55,19,53,22,27,55,54,65,64,65,,64,50,58,66,47,73,55,46,56,70,74,90,74,56,52,54,60,50,92,85,80,84,64,89,62,55,82,75,86,67,53,54,91,43,54,64,47,77,76,56,,65,68,21,92,52
20210920,14,O3_8h_24h,72,82,83,83,99,93,92,82,73,78,89,93,91,76,79,51,100,22,33,111,131,86,88,121,65,122,85,93,107,72,95,111,138,99,95,90,101,60,113,81,89,97,55,81,71,78,69,62,65,97,83,73,77,36,31,32,44,30,41,43,50,44,61,21,56,71,51,70,79,69,59,45,62,85,81,87,73,90,67,81,75,75,76,88,82,69,75,53,62,83,93,59,59,125,92,85,50,76,46,40,60,46,54,35,47,72,70,35,66,95,85,85,51,79,59,60,37,60,76,28,39,29,47,108,146,79,73,87,68,85,68,56,51,61,77,74,71,62,43,65,31,65,54,39,50,75,88,87,54,72,59,61,53,62,82,103,104,50,94,47,88,51,83,114,96,80,85,,78,95,89,88,88,98,105,97,85,109,113,108,82,96,97,99,65,73,79,99,,75,72,76,91,64,76,70,80,39,64,54,37,70,106,35,97,105,44,44,32,71,15,17,15,18,40,35,41,35,46,49,29,35,40,63,32,40,82,82,67,93,78,63,142,74,72,88,69,95,85,91,66,78,77,76,79,74,67,60,62,61,65,60,69,73,67,85,74,77,66,87,75,70,49,58,70,62,67,76,66,62,53,73,65,71,110,65,62,66,60,47,50,44,42,45,60,46,57,64,45,40,68,72,51,66,76,47,55,47,75,39,,45,59,61,63,46,59,49,52,,44,31,63,51,28,16,65,54,62,19,53,22,27,55,54,72,64,65,,69,51,58,71,47,73,55,46,56,70,74,90,78,56,52,54,60,50,92,85,80,84,64,93,62,55,87,79,86,70,61,54,91,43,54,65,47,84,76,57,,65,68,21,92,52
20210920,14,CO,0.45,0.62,0.25,0.56,0.40,1.02,0.24,0.22,0.40,0.40,0.38,0.47,0.35,1.04,0.50,0.50,0.54,0.77,0.63,0.69,0.70,0.78,1.00,0.75,0.66,0.57,0.86,0.75,0.93,0.62,0.53,0.82,0.78,0.56,0.59,0.46,0.51,0.77,0.95,0.43,0.43,0.47,0.47,0.33,0.59,0.68,0.33,0.66,0.51,0.73,0.46,0.86,0.79,0.69,0.49,0.53,0.49,0.43,0.38,0.52,0.40,0.38,0.59,0.34,0.57,0.45,0.44,0.42,0.28,0.35,0.62,1.17,0.43,0.47,0.95,0.85,1.44,0.40,0.72,0.47,0.70,0.75,0.45,0.70,0.57,0.42,0.82,0.50,0.45,0.19,0.95,0.60,0.40,0.80,0.32,0.70,0.50,0.44,0.43,0.52,0.45,0.47,0.55,0.40,0.47,0.70,0.66,0.50,0.40,0.47,0.43,0.50,1.40,0.53,0.30,0.83,0.84,0.50,0.66,0.67,0.38,0.33,0.35,0.83,0.98,0.66,0.42,1.06,0.58,0.55,0.44,0.42,0.57,0.93,1.08,0.77,0.40,0.46,0.60,0.86,0.30,0.60,0.62,1.02,0.63,0.35,0.58,0.44,0.40,0.47,0.42,0.37,0.33,0.24,0.37,0.35,0.37,1.75,0.32,0.37,0.70,0.50,0.90,0.90,0.50,0.80,0.65,,0.70,1.15,0.50,0.30,,0.75,1.00,0.93,0.65,1.00,0.95,0.97,1.10,0.80,0.75,0.70,0.50,0.50,0.55,0.55,,0.43,0.50,0.30,0.62,0.46,0.85,0.40,0.60,0.53,0.82,0.20,0.20,0.20,0.32,0.23,0.10,0.25,0.54,0.53,0.30,0.50,0.53,0.90,0.70,0.50,0.45,0.40,0.40,0.25,0.45,0.20,0.45,0.35,0.33,0.50,0.25,0.40,0.65,0.57,0.63,0.80,0.77,0.50,0.58,0.62,0.43,0.70,0.67,0.70,0.65,0.43,0.67,0.37,0.30,0.70,0.77,0.95,0.45,0.73,0.84,0.68,0.85,0.70,0.47,0.60,0.58,0.50,0.57,0.63,0.62,0.67,0.50,1.22,0.47,0.77,0.90,0.70,1.10,0.73,0.67,0.67,0.60,0.80,0.47,0.98,0.57,0.55,0.82,1.70,0.50,0.67,0.60,0.58,0.50,0.47,0.50,0.50,0.45,0.57,0.45,0.67,0.27,0.43,0.50,0.33,0.45,1.02,0.33,0.43,0.47,0.25,,0.20,0.70,0.57,0.30,0.45,0.30,0.50,0.65,,0.55,0.50,0.40,0.55,0.35,0.50,0.50,0.43,0.30,0.45,0.50,0.65,0.90,0.50,0.40,0.35,0.40,0.70,,0.25,0.40,0.70,0.33,0.30,0.20,0.45,0.45,0.15,0.20,,0.30,0.50,0.20,0.20,0.20,0.30,0.50,0.40,0.70,0.50,0.30,0.40,0.30,0.23,0.30,0.33,0.60,0.20,0.70,0.15,0.50,0.20,0.57,0.25,0.37,0.20,0.30,0.45,0.10,,0.40,0.70,0.45,0.40,0.35
20210920,14,CO_24h,0.58,0.98,0.38,0.97,0.36,0.73,0.39,0.32,0.57,0.63,0.47,0.70,0.38,0.56,0.56,1.44,0.57,0.54,0.61,0.62,0.79,0.59,0.57,0.64,0.69,0.50,0.60,0.69,0.83,0.72,0.52,0.67,0.75,0.65,0.57,0.48,0.63,0.67,0.65,0.43,0.53,0.57,0.60,0.40,0.70,0.65,0.34,0.59,0.76,0.40,0.75,0.83,0.69,0.65,0.51,0.63,0.46,0.45,0.38,0.50,0.50,0.42,0.65,0.48,0.70,0.67,0.54,0.49,0.32,0.42,0.77,1.23,0.57,0.64,0.80,0.67,0.76,0.56,1.02,0.53,1.00,0.88,0.53,0.53,0.65,0.66,0.68,0.73,0.43,0.14,0.48,0.73,0.68,0.52,0.32,0.57,0.54,0.57,0.42,0.56,0.53,0.53,0.70,0.50,0.47,0.75,0.70,0.60,0.50,0.53,0.56,0.72,1.40,0.65,0.46,1.05,0.88,0.58,0.84,0.93,0.52,0.28,0.38,0.77,0.95,0.57,0.73,1.16,0.92,0.78,0.78,0.65,0.72,0.80,1.00,0.83,0.53,0.56,0.60,0.81,0.30,0.65,0.70,1.02,0.70,0.47,0.57,0.52,0.45,0.57,0.47,0.40,0.50,0.36,0.47,0.40,0.40,0.84,0.42,0.47,0.55,0.70,0.60,0.55,0.30,0.45,0.35,,0.45,0.75,0.50,0.30,0.60,0.50,0.70,0.73,0.55,0.70,0.95,0.83,0.90,0.80,0.75,0.45,0.70,0.70,0.50,0.70,,0.63,0.88,0.43,0.68,0.58,0.70,0.62,0.63,0.50,1.07,0.13,0.40,0.50,0.35,0.33,0.15,0.30,0.74,1.20,0.70,0.60,0.58,1.05,1.10,0.75,0.45,0.40,0.43,0.38,0.60,0.67,0.88,0.57,0.70,0.45,0.20,0.45,0.68,0.65,0.75,0.75,0.55,0.43,0.65,0.86,0.50,0.80,0.73,0.77,0.60,0.47,0.97,0.50,0.40,0.60,0.60,0.78,1.02,0.58,0.82,0.60,0.80,0.57,0.50,1.44,0.97,0.53,0.97,0.97,0.88,0.73,0.80,1.22,0.80,0.87,1.03,0.74,1.20,0.80,0.53,0.77,0.80,0.73,0.45,0.90,0.47,0.47,0.93,0.90,0.55,0.80,0.57,0.68,0.58,0.60,0.53,0.60,0.45,0.63,0.45,0.53,0.37,0.53,0.75,0.47,0.53,0.60,0.37,0.47,0.60,0.25,,0.25,0.58,0.80,0.33,0.60,0.43,0.60,0.55,,0.55,0.70,0.65,0.60,0.40,0.65,0.65,0.43,0.30,0.35,0.55,0.70,0.95,0.65,0.45,0.40,0.50,1.00,,0.35,0.45,0.53,0.47,0.60,0.40,0.50,0.45,0.45,0.25,0.15,0.35,0.50,0.40,0.30,0.30,0.25,0.40,0.30,0.70,0.60,0.50,0.40,0.40,0.30,0.40,0.43,0.55,0.55,1.00,0.20,0.45,0.20,0.83,0.45,0.73,0.30,0.40,0.75,0.30,,0.45,0.70,0.45,0.63,0.40
20210920,15,AQI,23,26,41,17,24,46,36,32,23,28,27,36,43,70,36,21,29,58,48,60,35,31,28,22,27,31,33,34,35,28,27,23,29,44,40,56,38,25,33,40,24,57,45,37,32,40,21,31,24,31,43,33,39,32,16,21,28,25,19,19,35,28,43,13,42,47,37,37,35,37,37,37,35,64,41,45,36,36,20,27,27,25,43,22,31,32,27,27,28,28,20,44,23,25,26,24,36,19,34,24,21,21,25,21,30,42,26,23,27,38,36,36,44,38,14,18,26,21,25,21,19,36,21,34,37,39,34,43,46,44,34,37,36,33,33,29,38,29,22,32,13,49,36,36,36,39,101,37,39,38,33,35,34,33,39,38,38,64,57,57,23,23,43,23,24,31,26,,24,31,28,25,,33,49,34,30,37,37,32,28,35,32,30,49,37,45,41,,33,50,26,39,35,65,36,40,55,55,29,23,38,39,18,33,38,21,16,21,23,34,26,19,25,20,20,28,17,22,23,20,20,20,23,19,22,36,34,32,24,35,28,33,34,33,34,38,35,35,50,38,40,22,43,37,39,30,28,37,22,37,31,32,47,44,39,38,38,40,38,36,35,27,37,34,37,33,39,35,34,36,37,32,30,26,31,36,55,37,29,28,22,28,24,21,22,31,33,25,35,38,43,39,37,41,50,36,27,41,37,,27,32,38,38,31,37,30,30,,34,24,35,25,16,13,31,32,24,15,27,19,17,33,36,34,40,37,,31,26,38,37,30,40,32,36,61,41,38,51,35,42,32,38,37,37,40,38,37,46,38,40,37,55,35,72,58,50,82,63,65,69,87,31,50,27,64,55,,37,29,16,34,29
20210920,15,PM2.5,2,2,7,7,4,7,7,10,9,3,5,6,7,41,11,6,9,23,14,40,8,8,9,7,10,6,7,9,14,11,15,8,16,23,28,31,22,10,18,26,11,22,13,16,5,24,8,5,4,19,12,12,9,16,7,3,11,7,7,9,4,5,20,6,9,9,7,6,6,12,14,9,10,15,13,11,23,12,13,8,19,4,18,8,2,4,4,7,5,3,8,3,5,17,4,2,7,8,15,13,8,6,6,8,6,17,9,15,4,4,7,11,30,10,5,10,4,4,5,9,3,12,8,10,10,5,10,16,7,14,13,8,9,5,7,4,16,7,9,12,4,14,8,17,10,10,26,14,6,13,11,12,9,10,9,6,12,30,10,21,8,2,30,15,6,16,6,,14,15,7,5,,7,15,8,13,10,8,11,9,13,6,4,34,17,23,25,,6,6,10,11,7,28,17,6,11,26,20,9,7,8,10,2,8,9,10,6,7,22,18,6,7,9,11,9,4,11,9,8,5,8,5,6,5,11,11,9,7,7,3,9,10,16,2,15,7,6,22,18,14,10,23,6,6,5,4,10,8,6,13,14,19,15,6,8,9,8,10,12,5,8,17,16,14,13,7,6,5,8,15,10,7,9,6,9,32,6,18,17,10,12,12,6,7,7,17,12,8,8,5,8,8,11,28,10,8,6,9,,2,10,8,7,6,5,8,8,,6,4,16,8,6,5,14,19,4,8,8,6,6,14,10,8,3,7,,3,5,13,8,9,14,10,6,14,14,6,14,8,6,6,7,5,21,8,10,6,13,1,10,12,14,9,24,16,9,19,14,22,33,48,7,12,6,18,28,,5,12,11,4,14
20210920,15,PM2.5_24h,9,7,9,13,7,5,12,20,17,14,8,8,5,15,14,35,9,18,13,25,29,25,26,13,15,28,26,28,28,28,24,17,24,36,19,19,30,28,27,18,12,26,30,23,15,20,17,16,5,7,11,10,11,9,6,7,6,5,6,11,10,5,21,7,14,15,8,10,7,8,18,19,15,26,13,14,17,16,19,10,26,16,19,12,3,3,5,9,14,4,7,8,7,14,8,5,10,16,9,7,16,13,11,8,7,17,18,13,6,2,9,9,40,10,15,20,21,9,20,24,11,17,11,28,31,18,13,7,10,15,11,9,14,9,11,4,12,17,7,17,6,13,11,17,12,14,15,13,10,15,10,8,9,8,7,6,14,20,17,31,13,4,8,10,6,10,6,,7,7,6,6,6,28,25,24,25,24,32,24,28,27,27,21,37,26,29,37,,10,7,23,7,14,17,15,9,11,26,20,17,18,15,15,11,21,27,22,23,35,25,26,13,14,9,15,13,13,16,20,12,17,18,10,9,13,21,20,16,20,18,21,27,15,17,10,12,19,25,18,28,24,15,15,23,14,23,13,11,18,20,19,29,17,21,7,13,11,11,6,11,17,9,18,23,12,7,18,9,6,5,17,15,9,13,17,9,18,5,18,17,15,16,19,8,15,9,21,15,10,12,11,12,12,15,12,9,9,7,14,,5,8,12,10,6,10,8,11,,4,8,19,8,9,12,11,19,9,8,9,13,9,14,8,14,8,24,,7,7,10,11,8,8,10,11,14,18,8,17,9,11,7,23,9,25,11,20,18,20,9,13,18,15,9,21,28,26,18,26,21,66,52,26,12,12,30,30,,16,22,8,11,9
20210920,15,PM10,6,2,15,9,8,12,10,11,6,12,8,5,11,59,26,10,23,66,48,70,19,28,20,16,19,18,20,17,22,20,19,22,29,44,37,59,36,20,33,37,24,63,45,37,13,40,15,16,6,31,31,14,14,28,15,13,24,14,17,19,35,10,33,9,22,18,23,13,17,32,27,30,35,78,18,19,34,22,20,17,3,25,43,17,7,15,6,7,13,4,11,44,3,25,10,4,36,18,34,24,17,21,15,14,13,42,18,20,13,8,13,20,38,17,4,18,12,12,25,21,18,36,12,20,16,13,25,34,26,25,18,29,15,21,9,11,34,8,9,21,13,26,17,29,9,19,54,29,13,14,30,34,28,24,29,38,35,77,64,63,22,2,43,23,8,21,16,,23,31,28,7,,12,49,17,30,19,15,18,16,16,14,29,30,37,45,38,,10,50,20,25,22,41,28,16,60,60,22,14,38,14,17,18,21,8,15,8,2,34,25,19,25,20,20,28,16,18,14,13,20,16,7,19,5,24,14,24,19,15,12,15,12,29,5,29,16,11,46,29,24,22,43,14,11,11,7,37,20,15,31,32,40,40,11,26,26,40,25,10,12,17,25,22,21,22,20,8,10,20,31,19,14,11,12,21,60,5,28,28,19,14,18,10,17,27,29,17,17,16,16,16,11,23,50,17,15,13,16,,11,18,17,10,13,12,13,15,,14,4,18,9,8,12,13,19,12,8,6,19,14,26,9,17,7,19,,9,10,32,26,16,40,25,19,71,41,23,52,35,15,25,19,15,25,13,18,15,29,6,28,35,60,27,94,66,50,114,76,79,88,124,31,50,24,78,60,,23,16,15,11,28
20210920,15,PM10_24h,8,11,11,18,14,8,14,21,22,22,9,5,8,26,30,64,20,53,35,40,52,42,39,28,25,55,47,44,46,46,38,31,42,61,30,36,50,58,44,30,24,44,68,39,40,39,27,42,7,21,20,17,21,21,16,12,19,14,17,25,24,14,38,19,27,27,27,18,19,19,49,34,42,92,22,18,33,28,29,20,22,22,39,21,3,5,7,9,23,14,12,18,3,24,20,9,22,24,19,21,28,21,33,16,17,31,30,28,11,3,16,15,42,14,36,41,43,20,21,54,34,34,16,48,50,33,20,16,19,24,19,20,24,18,16,10,17,27,18,29,16,27,21,22,16,24,38,24,17,20,22,23,25,21,20,33,40,55,69,105,17,6,17,23,13,15,13,,14,11,19,14,17,48,49,40,49,42,47,41,42,42,49,38,60,57,45,54,,15,20,38,19,26,23,20,20,36,91,32,41,53,25,25,35,42,50,43,47,47,57,44,31,39,22,22,29,34,29,42,22,35,23,14,23,16,38,36,26,38,35,34,48,21,32,27,23,31,41,31,43,36,27,34,43,21,41,27,29,37,39,37,47,26,30,5,21,17,21,11,14,34,19,19,44,14,14,37,21,9,21,28,23,18,25,25,16,27,12,46,30,33,41,35,13,30,20,37,33,20,22,25,25,21,28,29,18,17,15,25,,24,13,23,15,16,16,15,17,,13,13,21,16,11,16,15,19,13,15,13,22,16,30,16,32,22,49,,19,18,23,24,17,21,27,28,56,42,24,51,28,31,35,39,26,37,14,26,28,36,23,29,56,37,22,75,109,88,92,88,89,182,185,87,60,42,86,94,,38,63,16,19,19
20210920,15,SO2,2,6,5,4,4,13,5,5,9,2,4,6,6,26,9,7,6,6,9,7,3,5,7,6,6,8,7,5,7,6,4,4,5,7,8,5,7,6,6,4,6,5,6,6,5,5,8,5,5,5,6,6,5,7,6,4,7,3,5,6,5,7,6,4,8,6,6,7,7,6,6,7,5,9,13,10,25,6,7,11,6,11,6,4,5,5,7,6,8,5,4,5,4,5,4,11,8,7,7,9,5,7,5,8,7,6,4,9,6,5,8,9,19,10,7,7,10,8,9,8,4,7,5,10,8,8,4,5,7,8,5,7,7,6,8,7,2,9,6,14,4,9,8,22,8,4,6,2,6,10,8,5,4,4,7,3,8,21,6,6,9,5,4,6,4,8,8,,7,6,3,4,,7,9,7,9,8,5,11,7,5,8,10,5,2,6,7,,6,9,3,5,7,20,5,11,10,18,3,4,6,15,2,13,7,8,14,3,7,9,11,10,11,4,7,7,8,9,4,5,9,4,4,8,4,6,4,10,13,5,8,7,6,4,5,3,6,4,7,12,5,4,5,11,12,5,5,10,9,8,6,6,13,9,8,7,6,9,8,8,11,6,8,5,4,5,8,7,5,8,11,8,2,5,7,9,8,4,8,9,7,4,4,6,6,7,13,7,12,9,10,6,8,5,8,7,5,5,10,,9,12,5,7,3,10,7,4,,5,7,8,6,8,5,8,12,6,8,5,4,4,9,10,6,4,9,,7,11,10,5,7,7,16,9,5,6,3,5,9,5,10,5,6,9,5,4,7,8,8,14,4,8,4,10,6,12,9,7,3,6,2,8,11,3,6,7,,11,3,5,7,8
20210920,15,SO2_24h,3,6,4,5,4,6,4,5,10,2,4,7,3,9,8,13,6,6,8,6,4,5,6,6,6,11,5,7,6,6,4,4,5,7,7,4,7,9,7,5,6,4,5,6,5,5,6,9,6,5,5,6,5,6,6,5,7,3,5,6,6,7,8,3,9,6,6,8,8,5,11,16,7,12,8,6,14,7,6,6,8,14,11,4,4,6,6,5,8,6,4,5,5,4,4,8,10,8,8,11,6,7,6,6,7,6,7,14,7,4,10,9,8,7,14,7,13,10,11,18,5,5,5,9,7,8,3,8,5,6,6,7,7,7,8,7,2,18,7,10,4,8,8,17,9,5,6,4,5,7,7,4,4,7,6,3,8,15,7,5,8,5,3,5,4,8,8,,7,5,4,4,6,9,10,8,8,9,6,8,9,6,9,8,6,2,6,6,,6,8,7,5,10,9,5,11,10,36,3,4,8,16,2,12,6,13,15,8,9,9,12,15,12,4,7,7,7,9,5,6,9,6,6,9,6,6,5,6,10,8,8,7,9,3,5,3,5,6,6,7,5,7,5,14,11,32,5,9,9,8,6,13,12,6,5,8,6,8,7,7,11,6,7,8,2,5,9,7,5,8,11,9,2,15,7,4,8,4,13,9,9,5,18,6,10,8,24,12,7,9,9,8,9,5,6,7,5,6,11,,8,8,6,8,2,6,8,5,,4,7,16,7,8,6,17,9,6,8,6,7,4,9,9,7,4,9,,8,10,9,8,9,7,44,9,5,10,4,7,9,6,12,5,7,13,6,8,13,10,8,14,10,10,5,8,13,19,11,7,4,6,7,10,12,4,11,16,,12,6,14,6,7
20210920,15,NO2,7,9,7,20,9,9,11,8,11,10,9,8,10,23,11,15,6,38,23,21,7,10,27,14,11,9,12,14,17,12,10,9,11,17,15,16,10,21,14,11,18,12,11,11,13,9,12,5,11,15,10,10,9,23,14,6,17,9,17,22,11,8,11,2,14,7,6,9,9,9,12,11,7,12,15,12,23,10,21,7,12,13,11,14,8,6,7,11,13,10,14,10,9,18,7,11,5,6,6,6,6,6,5,4,5,11,3,5,6,10,9,4,12,18,21,24,9,10,9,16,8,19,7,15,11,14,6,7,10,8,9,9,12,10,8,7,5,5,7,10,3,10,10,16,10,7,19,7,10,10,9,7,9,9,13,5,4,17,6,8,15,17,10,10,13,10,10,,18,16,6,3,,14,14,15,25,14,7,27,20,10,7,26,15,6,12,8,,7,5,4,14,6,14,7,5,26,10,15,6,6,4,10,4,5,11,18,15,7,20,13,25,23,15,9,14,20,11,7,7,13,14,11,10,5,5,7,11,23,12,4,7,8,4,7,5,9,11,9,12,5,4,9,10,7,5,8,8,6,6,8,8,10,10,10,10,8,8,9,6,8,8,10,5,4,7,5,5,4,3,11,6,4,4,10,5,13,3,7,8,4,6,4,3,5,6,6,3,12,5,11,6,8,6,19,8,6,7,6,,6,5,7,4,6,7,5,11,,3,6,4,4,6,6,8,4,7,8,4,8,5,5,2,12,3,9,,3,5,8,9,5,3,10,10,6,9,7,6,7,7,7,10,2,13,5,8,1,11,2,13,4,6,9,19,6,4,5,10,5,15,14,10,6,1,12,4,,6,2,7,12,6
20210920,15,NO2_24h,13,14,11,23,13,10,13,15,24,17,11,15,10,24,23,35,12,30,24,16,15,15,16,12,15,20,16,21,20,18,13,9,14,26,15,20,17,25,19,10,13,17,26,11,16,15,15,13,22,7,19,15,10,22,13,10,17,10,14,20,11,16,20,16,27,30,20,15,16,14,43,33,22,39,14,13,24,16,21,15,19,19,20,14,9,13,7,20,15,14,10,14,13,8,10,7,14,10,8,9,12,7,13,9,17,11,11,14,12,12,14,14,29,28,26,20,27,17,17,32,22,15,14,20,16,15,13,15,18,18,22,23,14,10,10,9,10,11,7,13,6,25,23,22,18,20,27,14,13,17,17,11,20,16,20,10,10,29,19,35,15,27,9,4,14,10,10,,14,9,7,7,6,21,21,21,22,19,12,24,19,14,16,19,24,23,17,18,,11,7,13,15,29,24,10,18,30,38,13,21,17,18,13,11,9,24,26,29,16,38,25,21,23,13,12,15,23,13,14,9,22,20,14,17,13,7,11,13,17,16,8,13,9,8,11,6,13,17,9,20,13,10,10,13,11,17,13,11,9,13,12,15,18,20,9,19,13,14,11,9,15,13,13,14,8,8,11,9,9,4,11,9,7,10,8,10,15,5,25,12,14,20,14,5,13,12,12,13,19,15,26,23,28,13,27,17,14,21,7,,25,8,21,6,10,13,15,15,,6,7,11,8,8,10,12,8,8,9,11,14,10,12,5,19,14,21,,13,8,12,25,9,10,24,18,36,25,27,21,10,28,23,19,16,34,9,5,16,17,13,11,21,22,18,27,48,35,23,25,13,39,33,32,11,12,43,34,,27,16,9,16,13
20210920,15,O3,74,83,130,55,78,148,116,101,74,88,87,114,137,176,115,68,92,9,44,161,113,100,90,70,86,99,104,108,113,89,85,75,79,117,122,165,123,79,103,127,66,102,82,90,102,119,67,100,76,80,137,105,126,103,50,67,90,79,61,55,60,89,138,42,134,150,117,117,112,119,117,119,105,98,131,144,115,114,56,86,81,73,138,69,100,103,87,86,89,90,64,74,75,57,84,77,62,61,86,77,66,55,81,68,95,124,84,73,85,123,115,116,142,123,45,49,82,67,79,56,62,39,66,110,119,125,110,137,146,142,109,118,115,105,106,94,120,92,69,103,34,158,114,114,115,126,202,119,124,123,105,111,110,104,126,115,121,115,84,120,72,72,95,68,77,100,83,,77,67,72,81,,107,111,109,91,118,118,103,90,112,101,97,66,101,112,132,,106,129,82,125,112,172,116,127,84,140,31,74,117,126,59,107,123,66,50,66,75,47,53,23,34,40,54,51,54,69,75,63,64,65,74,56,70,115,110,102,78,111,88,105,109,106,109,120,112,111,160,120,128,66,139,118,124,97,89,58,70,118,74,87,150,141,125,121,121,112,120,115,112,86,119,108,118,107,125,111,108,116,118,102,96,84,100,114,93,119,92,81,69,90,76,67,70,99,104,81,113,122,137,125,118,131,133,115,86,131,118,,86,102,120,123,100,119,97,96,,110,76,113,80,50,43,100,101,78,49,87,61,54,106,115,109,128,118,,100,84,123,118,96,112,101,114,117,121,120,126,98,135,102,123,117,118,128,122,117,147,120,129,119,120,113,145,129,89,72,105,115,116,136,78,55,85,87,87,,119,93,35,109,93
20210920,15,O3_24h,78,90,130,88,103,148,118,105,79,88,97,114,137,195,120,97,109,119,51,176,207,185,218,127,156,246,213,212,225,238,173,132,178,213,141,174,179,268,201,125,139,168,144,119,145,124,120,162,82,114,137,121,126,126,67,68,120,79,77,86,89,122,138,43,135,152,107,117,115,119,137,119,105,161,131,144,118,119,121,87,134,106,138,120,100,103,96,86,132,91,99,75,94,125,97,99,102,109,92,80,109,100,82,68,180,126,107,87,85,124,119,119,142,123,85,79,96,75,96,128,64,95,72,190,195,169,110,140,132,142,112,118,115,105,122,94,120,92,86,107,40,171,117,114,115,130,202,122,124,125,105,111,113,123,126,115,122,113,118,123,102,80,95,127,107,100,95,,78,99,99,90,90,192,179,211,173,195,216,236,218,224,224,168,122,138,144,192,,106,129,152,125,99,172,116,127,95,148,113,78,127,127,71,142,127,133,83,137,89,125,97,76,92,74,68,104,58,88,75,67,68,73,74,58,70,168,156,138,147,131,122,188,114,165,121,120,134,180,161,151,128,85,139,119,124,113,115,88,113,135,98,145,150,141,125,121,122,114,120,115,169,89,119,200,118,122,202,111,108,116,118,102,115,113,101,114,93,120,104,81,85,105,88,79,85,99,111,82,113,129,141,126,121,131,133,124,98,132,118,,98,94,120,123,100,119,97,98,,110,76,114,84,52,44,100,101,78,66,89,63,58,106,115,116,128,124,,126,111,126,121,96,113,101,117,117,123,121,126,98,135,102,123,118,118,128,123,117,165,120,129,119,120,113,145,133,158,113,110,115,116,136,140,77,103,145,158,,119,154,36,109,97
20210920,15,O3_8h,70,82,84,69,83,101,95,82,69,78,86,97,95,96,88,45,97,8,34,123,70,91,82,51,70,65,76,72,59,61,57,65,59,108,99,110,103,68,118,86,57,104,60,88,79,89,71,68,61,87,94,75,84,47,35,38,55,40,48,48,54,58,77,26,71,89,67,79,76,78,74,58,67,82,88,95,78,91,64,52,76,74,91,51,85,75,63,55,68,82,70,61,64,48,83,55,56,58,56,49,66,43,61,43,58,85,77,45,68,101,94,96,67,90,40,60,46,57,76,35,46,32,52,71,73,89,82,96,84,96,79,70,64,72,84,74,83,68,50,72,33,84,65,52,64,81,111,80,66,83,69,71,65,70,91,102,107,63,83,54,49,57,82,79,86,84,84,,80,85,78,83,,104,111,96,79,116,70,72,57,68,61,99,67,81,88,111,,74,85,83,99,80,96,79,92,55,82,32,45,80,108,42,103,98,48,48,37,60,20,23,18,22,37,38,46,41,53,57,37,42,47,63,39,49,90,89,76,68,71,69,79,82,79,94,76,77,79,106,80,91,56,91,75,78,73,65,64,62,75,57,76,87,83,91,86,88,77,93,83,76,58,70,76,73,74,82,75,72,65,80,71,75,57,69,70,64,73,57,49,50,52,54,54,52,63,75,55,52,82,87,66,80,89,62,66,53,91,53,,52,63,72,77,58,73,59,63,,56,39,74,57,32,25,73,62,59,24,61,29,33,68,64,73,77,75,,70,56,69,79,58,83,61,58,65,78,85,99,78,71,62,68,73,64,100,93,88,97,75,96,75,68,90,84,97,77,57,60,94,55,65,66,48,80,77,63,,75,73,26,95,60
20210920,15,O3_8h_24h,72,82,86,83,99,101,96,84,75,78,89,97,95,96,88,55,102,22,35,123,131,91,88,121,70,122,85,93,107,72,95,111,138,108,101,110,104,68,118,88,89,104,60,88,79,89,72,68,67,97,94,76,84,47,35,38,55,40,48,48,54,58,77,26,71,89,63,79,82,78,74,58,69,87,88,95,79,92,67,81,77,75,91,88,85,75,75,58,68,84,93,61,64,125,92,85,56,76,56,49,66,46,61,43,58,85,77,45,68,101,94,96,67,90,59,61,46,63,77,35,46,32,52,108,146,89,82,96,79,96,79,70,64,72,84,75,83,68,50,72,33,84,65,52,64,82,111,87,66,83,69,71,65,70,91,104,107,63,94,54,88,57,83,114,96,84,85,,74,95,89,88,89,104,111,97,85,116,113,108,82,96,97,100,67,81,88,111,,77,85,83,99,74,96,79,92,55,82,54,45,80,109,42,103,105,48,48,38,72,20,23,18,22,40,38,46,41,53,57,37,42,47,64,39,49,90,89,76,93,79,69,142,82,79,94,76,95,87,106,80,91,77,91,80,78,73,65,64,62,75,62,76,87,83,91,86,88,77,93,83,76,58,70,76,73,74,82,75,72,65,80,71,75,110,69,70,66,73,57,52,50,52,54,60,52,63,75,55,52,82,87,66,80,89,62,66,53,91,53,,52,63,72,77,58,73,59,63,,56,39,74,57,32,25,73,62,62,24,61,29,33,68,64,76,77,75,,71,56,69,79,58,83,61,58,65,78,85,99,79,71,62,68,73,64,100,93,88,97,75,96,75,68,92,84,97,77,61,60,94,55,65,67,48,84,77,63,,75,73,26,95,60
20210920,15,CO,0.43,0.61,0.26,0.59,0.36,1.00,0.24,0.25,0.38,0.38,0.35,0.40,0.55,1.01,0.50,0.47,0.56,0.82,0.58,0.79,0.68,0.80,0.84,0.80,0.60,0.47,0.91,0.74,0.88,0.62,0.57,0.85,0.78,0.65,0.56,0.48,0.51,0.77,0.85,0.40,0.43,0.43,0.50,0.33,0.58,0.67,0.34,0.66,0.46,0.73,0.48,0.81,0.77,0.68,0.50,0.53,0.46,0.43,0.47,0.55,0.41,0.42,0.64,0.34,0.52,0.46,0.40,0.42,0.25,0.34,0.32,0.70,0.43,0.45,1.00,0.82,1.21,0.42,0.78,0.47,0.57,0.63,0.47,0.65,0.55,0.40,0.75,0.52,0.42,0.26,0.78,0.50,0.40,0.85,0.32,0.58,0.44,0.44,0.43,0.54,0.43,0.40,0.55,0.40,0.47,0.70,0.54,0.50,0.43,0.53,0.44,0.53,1.02,0.60,0.32,0.90,0.40,0.47,0.76,0.60,0.38,0.33,0.35,0.78,0.90,0.64,0.41,0.84,0.58,0.53,0.44,0.40,0.57,0.90,1.08,0.75,0.37,0.46,0.60,0.81,0.27,0.60,0.58,1.14,0.63,0.35,0.55,0.42,0.42,0.50,0.42,0.33,0.30,0.21,0.33,0.35,0.40,0.87,0.32,0.33,0.60,0.40,0.90,0.85,0.60,0.75,0.65,,0.90,1.25,0.50,0.30,,0.65,0.85,0.93,0.70,0.90,0.90,1.00,1.10,0.80,0.80,0.75,0.50,0.50,0.50,0.55,,0.43,0.45,0.30,0.62,0.46,0.68,0.40,0.57,0.40,0.60,0.17,0.25,0.20,0.23,0.23,0.10,0.30,0.44,0.47,0.32,0.47,0.40,0.80,0.70,0.55,0.45,0.40,0.40,0.25,0.47,0.20,0.43,0.35,0.37,0.40,0.25,0.60,0.63,0.57,0.63,0.87,0.80,0.50,0.55,0.58,0.42,0.70,0.60,0.75,0.63,0.43,1.10,0.33,0.30,0.65,0.70,0.90,0.55,0.70,0.88,0.63,0.77,0.73,0.50,0.66,0.68,0.60,0.50,0.63,0.54,0.67,0.50,1.12,0.43,0.73,0.90,0.64,1.10,0.70,0.60,0.60,0.57,0.77,0.47,0.93,0.47,0.53,0.82,0.93,0.70,0.63,0.63,0.53,0.42,0.47,0.53,0.50,0.45,0.57,0.45,0.73,0.27,0.43,0.50,0.33,0.38,0.92,0.33,0.40,0.45,0.25,,0.20,0.63,0.40,0.23,0.45,0.30,0.50,0.65,,0.60,0.45,0.35,0.55,0.45,0.70,0.45,0.43,0.30,0.40,0.50,0.55,0.90,0.40,0.35,0.40,0.40,0.65,,0.30,0.40,0.57,0.27,0.30,0.20,0.20,0.40,0.15,0.20,0.10,0.30,0.45,0.30,0.10,0.20,0.25,0.30,0.40,0.60,0.50,0.40,0.40,0.30,0.13,0.30,0.30,0.55,0.20,0.70,0.10,0.30,0.25,0.50,0.25,0.40,0.20,0.30,0.45,0.10,,0.40,0.70,0.45,0.38,0.33
20210920,15,CO_24h,0.58,0.96,0.38,0.97,0.36,0.73,0.39,0.30,0.55,0.63,0.47,0.68,0.38,0.58,0.56,1.41,0.57,0.54,0.63,0.62,0.80,0.61,0.57,0.64,0.69,0.50,0.62,0.70,0.85,0.72,0.53,0.67,0.75,0.65,0.57,0.48,0.63,0.67,0.65,0.43,0.53,0.57,0.60,0.40,0.70,0.65,0.34,0.61,0.74,0.42,0.75,0.86,0.71,0.65,0.51,0.63,0.46,0.45,0.38,0.50,0.50,0.42,0.65,0.48,0.70,0.66,0.54,0.48,0.32,0.41,0.77,1.20,0.57,0.65,0.80,0.70,0.79,0.56,0.98,0.50,0.97,0.88,0.53,0.53,0.65,0.66,0.68,0.71,0.43,0.14,0.48,0.73,0.68,0.54,0.32,0.58,0.54,0.56,0.42,0.56,0.53,0.53,0.70,0.50,0.47,0.75,0.70,0.60,0.50,0.53,0.54,0.72,1.44,0.67,0.44,1.05,0.88,0.58,0.84,0.93,0.52,0.28,0.40,0.77,0.95,0.57,0.72,1.14,0.90,0.78,0.78,0.65,0.70,0.80,1.00,0.83,0.53,0.56,0.60,0.81,0.30,0.65,0.68,1.06,0.70,0.47,0.57,0.52,0.45,0.57,0.47,0.40,0.50,0.33,0.47,0.40,0.40,0.84,0.42,0.47,0.60,0.60,0.60,0.55,0.35,0.45,0.35,,0.45,0.75,0.50,0.30,0.60,0.50,0.70,0.73,0.55,0.80,0.95,0.83,0.90,0.80,0.75,0.45,0.70,0.70,0.50,0.70,,0.63,0.85,0.43,0.68,0.57,0.72,0.62,0.63,0.50,1.10,0.13,0.40,0.50,0.35,0.33,0.10,0.30,0.74,1.17,0.65,0.62,0.58,1.05,1.10,0.75,0.45,0.40,0.43,0.38,0.63,0.67,0.88,0.57,0.70,0.45,0.20,0.45,0.67,0.65,0.75,0.75,0.57,0.43,0.63,0.86,0.50,0.80,0.73,0.77,0.60,0.47,1.00,0.50,0.40,0.60,0.60,0.80,1.00,0.58,0.86,0.60,0.80,0.60,0.50,1.44,0.97,0.53,0.97,0.93,0.86,0.73,0.80,1.22,0.73,0.85,1.03,0.74,1.20,0.80,0.53,0.77,0.80,0.77,0.47,0.90,0.47,0.47,0.93,0.93,0.60,0.80,0.57,0.68,0.58,0.60,0.53,0.60,0.45,0.63,0.45,0.60,0.37,0.53,0.75,0.47,0.50,0.60,0.37,0.47,0.60,0.25,,0.25,0.58,0.80,0.33,0.60,0.43,0.60,0.55,,0.55,0.70,0.60,0.60,0.40,0.65,0.65,0.43,0.30,0.35,0.55,0.70,0.95,0.65,0.45,0.40,0.50,1.05,,0.35,0.45,0.53,0.47,0.55,0.35,0.50,0.45,0.45,0.25,0.15,0.35,0.50,0.40,0.30,0.30,0.25,0.40,0.30,0.70,0.60,0.50,0.40,0.40,0.30,0.40,0.43,0.55,0.55,1.00,0.20,0.45,0.20,0.83,0.40,0.70,0.30,0.40,0.75,0.30,,0.45,0.70,0.45,0.60,0.40
20210920,16,AQI,23,25,41,17,23,47,38,32,23,28,30,37,48,41,37,24,28,58,50,51,36,32,30,23,31,33,35,37,36,29,29,25,28,35,43,56,46,28,31,41,25,52,52,48,32,54,17,33,24,28,43,33,40,33,16,19,29,31,24,23,16,29,44,18,44,47,36,38,36,38,37,37,33,65,40,45,44,36,23,28,31,30,43,23,33,34,25,26,28,27,25,25,24,18,26,25,23,18,28,24,20,14,32,26,31,33,28,22,26,40,32,37,46,44,15,20,25,19,23,20,19,45,20,34,41,38,35,43,47,44,35,36,38,35,34,32,38,29,27,35,21,53,38,39,35,38,83,36,44,40,34,37,32,33,40,40,38,59,50,56,24,22,29,20,21,28,18,,31,23,23,24,,35,34,37,34,35,38,36,33,37,36,27,46,51,44,40,,34,42,22,39,35,47,38,39,50,60,27,23,37,39,20,31,40,23,18,22,19,25,24,17,24,17,20,23,20,21,23,19,18,18,21,23,22,37,34,32,24,34,27,33,33,33,35,38,36,35,48,35,36,22,47,37,39,32,30,24,24,40,30,29,53,44,40,38,38,34,39,37,35,28,40,34,38,33,40,34,36,38,38,34,30,27,32,37,40,33,27,27,23,28,24,21,22,31,29,23,37,38,41,38,40,41,40,37,28,44,38,,29,32,38,41,34,37,31,32,,35,25,36,25,14,15,32,32,21,20,28,21,18,33,37,35,40,36,,31,28,42,35,32,41,33,38,55,43,38,46,32,45,33,37,36,39,40,39,38,43,37,41,38,54,36,63,41,45,79,63,68,70,82,27,47,27,53,56,,38,30,30,32,32
20210920,16,PM2.5,1,2,9,9,6,10,6,11,11,4,5,12,11,22,12,5,8,21,16,34,7,9,8,7,7,7,11,13,14,9,17,10,15,18,30,33,25,10,16,28,11,26,17,12,6,26,6,5,5,15,11,11,8,14,6,5,13,9,10,9,6,5,19,6,10,9,6,6,5,13,12,7,8,13,15,13,22,14,13,7,22,8,16,7,3,3,6,7,7,6,6,6,5,12,8,3,7,7,11,12,6,5,10,8,7,12,12,11,3,7,10,17,27,15,4,13,4,5,5,9,5,13,10,6,12,6,11,14,7,12,9,9,8,6,5,4,16,8,7,13,5,13,9,17,8,12,22,14,8,11,11,9,12,10,12,8,15,13,11,27,5,5,14,13,6,14,6,,22,10,7,6,,7,8,11,12,7,7,18,7,19,6,3,32,18,20,24,,6,5,8,13,9,25,15,4,20,20,19,10,7,8,10,2,7,8,12,7,6,15,17,11,7,9,8,9,5,12,8,8,3,8,5,7,6,13,9,10,12,6,2,8,9,15,2,12,9,5,20,18,14,9,24,15,5,5,3,6,6,7,15,16,27,15,7,8,11,7,9,13,5,7,13,17,16,11,9,5,4,8,19,11,6,7,7,10,24,6,13,15,10,15,9,6,6,7,15,11,8,9,8,7,9,10,23,11,9,7,7,,5,10,8,8,8,6,5,9,,9,7,13,4,6,7,14,18,8,7,8,5,7,8,4,8,,4,,4,4,13,9,6,14,10,4,14,17,9,15,8,5,5,6,4,15,8,8,5,9,1,6,9,14,8,21,14,8,21,11,20,34,46,6,8,9,15,22,,10,13,14,6,15
20210920,16,PM2.5_24h,8,7,9,13,6,5,12,19,16,14,8,8,5,16,14,34,8,18,13,25,28,24,25,13,14,27,25,27,27,27,23,17,23,35,19,19,30,27,27,18,12,25,30,23,14,20,16,16,5,8,11,9,10,9,6,7,7,5,6,11,10,5,21,7,14,15,9,10,7,8,18,19,15,26,13,14,18,16,18,10,26,15,19,12,3,3,5,9,13,4,7,7,7,14,8,5,10,16,9,7,16,13,12,8,7,16,18,13,6,2,9,9,40,10,14,19,20,9,19,24,11,17,11,27,30,16,13,7,10,15,12,9,12,8,10,4,12,17,7,17,6,13,11,17,12,14,15,14,10,15,10,8,9,8,7,7,14,20,17,31,12,4,9,10,6,10,6,,7,8,6,7,6,27,24,23,24,24,31,24,27,27,25,20,37,26,29,37,,10,7,22,8,14,17,15,9,12,26,20,17,18,14,15,11,20,27,21,22,34,25,26,13,14,9,15,13,12,16,19,12,17,18,10,10,13,20,19,15,19,17,21,26,14,16,9,11,18,24,19,28,23,15,16,22,14,22,13,11,18,19,19,28,18,21,7,13,11,11,6,11,16,9,19,22,12,6,17,8,6,5,17,15,9,13,17,9,19,6,18,16,15,16,19,7,15,9,21,15,10,12,12,13,12,15,13,9,9,7,14,,5,8,12,10,6,10,8,11,,4,8,19,8,9,12,11,19,9,8,9,12,9,14,8,14,8,24,,7,7,10,11,8,8,10,11,15,18,8,17,10,10,7,22,9,25,11,20,17,20,8,13,17,15,9,21,28,26,18,27,21,66,53,25,12,12,30,30,,16,21,8,10,10
20210920,16,PM10,6,3,20,8,10,18,11,14,7,6,13,10,20,37,37,9,23,65,50,52,17,26,20,16,19,18,24,24,20,20,26,23,23,35,40,61,46,18,31,41,25,53,54,48,16,58,12,15,7,28,31,14,12,27,14,12,24,27,24,18,14,11,35,18,24,17,22,14,18,34,26,18,24,79,23,16,44,27,23,18,3,30,43,11,9,6,9,8,16,7,14,16,4,18,9,8,23,15,28,24,20,13,32,21,16,33,27,19,12,16,18,23,29,24,4,20,4,11,4,20,17,45,16,19,23,16,27,24,28,26,20,29,16,20,7,13,15,16,13,26,21,23,18,25,9,18,48,21,17,13,32,37,32,33,26,40,35,67,50,61,18,7,29,20,13,23,18,,26,15,20,9,,13,34,20,30,15,14,28,13,21,15,25,41,51,44,37,,10,34,18,29,28,41,32,14,50,70,20,16,31,14,20,7,23,5,18,9,1,25,20,17,24,17,20,23,20,20,15,14,18,16,11,23,9,25,14,24,22,18,8,14,16,26,6,27,17,8,46,33,30,22,46,16,7,12,8,24,15,16,30,29,42,36,16,24,26,32,25,16,13,16,18,23,17,21,17,8,8,18,30,20,12,10,12,26,40,9,26,26,18,20,19,10,17,22,27,11,18,13,19,16,13,21,40,18,17,14,12,,13,18,17,12,14,13,14,15,,18,14,9,10,11,12,17,20,16,6,5,17,18,22,13,15,6,13,,11,16,29,35,19,41,28,19,60,43,23,46,30,20,29,16,13,22,12,19,13,30,6,28,37,57,30,76,37,45,108,75,86,89,114,27,47,13,56,62,,27,18,30,15,32
20210920,16,PM10_24h,8,10,12,18,13,9,14,19,20,21,9,5,8,27,30,62,20,54,36,40,50,41,38,27,24,53,45,43,44,44,37,31,40,60,30,37,50,55,44,30,23,44,67,40,37,40,25,40,7,22,21,16,20,22,16,12,18,14,17,25,24,14,38,20,28,28,27,17,19,20,49,34,42,92,21,17,34,28,28,19,21,22,39,20,3,5,6,9,22,14,12,18,3,24,19,8,22,24,20,21,28,21,33,16,17,31,30,28,11,4,15,16,43,15,34,39,42,20,20,54,34,35,17,46,49,31,21,17,19,24,20,21,22,16,15,10,17,27,18,29,16,27,22,23,16,25,38,24,17,19,23,24,26,22,20,33,40,55,69,105,17,6,18,23,13,16,13,,14,12,20,14,18,47,48,39,47,41,45,40,41,40,46,37,59,57,45,54,,15,22,37,19,26,24,21,19,37,93,32,40,51,24,25,33,41,49,40,45,45,57,44,31,39,21,22,30,34,30,42,22,36,23,14,24,17,36,34,25,36,33,34,46,19,31,25,22,29,39,31,43,36,27,34,42,20,39,26,29,37,38,37,47,27,31,6,22,18,22,12,14,32,20,19,42,14,13,33,19,9,21,28,23,18,24,24,16,28,13,46,30,32,41,35,12,29,20,37,33,20,22,25,25,22,28,30,18,17,15,25,,24,13,24,15,16,16,15,18,,14,13,22,16,11,16,15,20,12,15,14,22,17,30,15,32,21,49,,19,18,23,24,18,22,28,28,57,41,24,50,29,31,35,38,26,36,14,26,28,37,23,29,55,38,22,76,108,87,93,89,87,180,186,85,60,42,86,93,,38,61,17,18,20
20210920,16,SO2,3,6,5,3,4,11,5,5,9,2,4,7,13,14,7,7,7,5,10,6,3,5,7,6,6,8,7,6,8,6,4,4,4,6,8,5,7,7,5,4,7,5,4,6,5,6,6,5,5,5,5,6,5,7,6,5,7,4,5,6,6,7,6,3,7,6,6,7,7,6,7,6,5,10,19,10,17,6,6,8,6,22,6,4,6,5,7,5,8,5,4,5,5,5,4,16,7,7,6,10,5,7,5,8,7,5,4,9,6,6,7,9,12,13,6,7,10,8,9,7,5,7,5,9,9,8,4,5,7,7,5,7,7,6,8,7,2,9,6,13,4,9,8,21,8,4,6,3,6,7,8,4,4,4,6,3,21,9,6,5,9,4,4,6,4,8,8,,7,6,3,4,,7,10,8,8,8,5,11,8,6,8,12,5,2,6,7,,6,9,3,5,7,15,5,11,11,7,3,4,5,15,2,13,6,7,18,3,6,8,14,10,12,4,8,7,8,8,4,5,9,3,4,6,5,6,5,7,11,5,8,8,6,4,5,3,8,4,7,11,5,5,5,8,11,5,6,12,8,8,5,6,12,8,6,7,6,9,8,8,10,6,8,6,3,4,8,7,5,8,10,8,2,5,7,6,4,4,9,10,7,4,5,6,5,8,8,7,8,7,10,6,13,5,7,7,5,5,10,,9,14,5,9,3,8,7,4,,5,8,6,6,8,6,8,25,7,8,5,4,5,9,10,6,3,9,,7,10,9,5,6,7,7,9,5,6,4,5,9,6,11,4,6,8,5,4,8,9,8,14,5,8,4,8,6,11,9,6,3,6,2,7,11,3,6,13,,11,3,4,7,7
20210920,16,SO2_24h,3,6,4,4,4,7,4,5,9,2,4,7,4,9,8,12,6,6,8,6,4,5,6,6,6,11,5,7,6,6,4,4,5,7,7,4,7,9,7,5,6,4,5,6,5,5,7,9,6,5,5,6,5,6,6,5,7,3,5,6,6,7,8,3,9,6,6,8,8,5,11,16,7,12,8,7,14,7,6,6,8,14,11,4,4,6,6,5,8,6,4,5,5,4,4,8,10,8,8,11,6,7,6,6,7,6,7,13,7,4,10,9,9,7,13,7,13,10,11,18,5,6,5,9,7,8,3,8,6,7,6,7,7,7,8,7,2,18,7,10,4,8,8,17,9,5,6,4,5,7,7,4,4,7,6,3,8,14,7,5,8,5,3,5,4,8,8,,7,5,4,4,6,9,10,8,8,9,6,9,9,6,9,8,6,2,6,6,,6,8,7,5,10,9,5,11,10,36,3,4,8,16,2,12,6,12,14,7,9,9,12,15,12,4,7,7,7,9,5,6,9,6,6,9,6,6,5,6,10,8,8,7,9,3,5,3,6,6,6,7,5,7,5,14,11,31,5,10,10,8,6,13,12,7,5,9,6,8,7,7,11,6,7,8,2,5,9,7,5,8,11,9,2,15,7,4,8,4,13,9,8,5,18,6,10,8,24,12,7,9,9,8,9,5,6,7,5,6,11,,8,9,6,8,2,7,8,5,,4,7,16,7,8,6,17,9,6,8,6,7,4,9,9,7,4,9,,8,10,9,8,9,7,44,9,5,10,4,7,9,6,12,5,7,13,6,8,13,10,8,14,10,10,5,8,13,19,11,7,4,6,7,10,12,4,11,15,,13,6,14,6,7
20210920,16,NO2,7,10,10,19,10,8,10,8,12,11,8,8,14,20,10,13,7,38,26,24,8,12,27,15,10,10,12,15,18,13,11,10,10,18,16,19,16,19,15,12,18,17,15,6,12,13,12,6,12,18,11,11,8,26,16,6,26,10,21,23,19,8,13,2,15,7,6,10,10,10,13,12,7,11,19,14,16,9,23,7,13,15,13,15,9,6,8,10,13,13,12,9,10,22,7,12,6,5,7,5,7,3,6,5,7,9,6,5,6,10,12,5,11,21,17,26,9,12,9,19,10,31,7,17,14,14,6,7,10,9,9,10,9,9,10,8,5,6,7,10,4,10,11,19,9,6,13,8,10,8,10,7,22,10,14,5,7,8,6,5,15,17,11,12,15,11,16,,22,15,6,5,,16,17,16,23,16,7,29,20,10,7,36,21,23,15,9,,8,6,5,14,8,15,8,5,17,5,14,6,7,4,11,7,6,9,25,14,8,20,14,23,20,21,12,14,25,12,9,7,21,17,18,14,6,4,7,12,21,11,4,7,8,6,7,6,10,10,11,13,5,5,11,6,7,5,8,10,6,6,9,6,11,10,10,11,8,9,10,7,7,9,11,5,5,6,5,5,4,3,10,7,4,5,11,5,8,4,8,8,5,6,4,4,5,7,5,6,10,5,10,6,8,6,15,8,7,9,5,,7,7,7,5,8,6,5,9,,3,5,4,4,8,6,7,6,7,7,4,7,8,5,2,13,3,9,,3,6,8,14,5,4,9,11,6,9,8,7,8,6,7,10,4,9,4,6,1,12,2,9,5,6,9,13,9,4,5,9,3,10,12,9,5,1,11,5,,7,3,7,13,7
20210920,16,NO2_24h,12,13,11,22,13,10,13,14,23,17,10,15,10,24,23,34,11,31,24,17,14,15,17,12,14,20,16,20,20,18,12,9,14,26,15,20,17,25,18,10,13,18,26,11,16,15,15,13,21,8,18,15,10,22,13,9,17,11,15,20,11,15,20,15,27,30,20,15,16,14,43,33,22,38,14,13,24,16,21,14,18,19,20,14,9,12,7,19,15,13,9,13,13,8,9,7,14,10,8,9,12,6,13,9,17,11,11,13,11,12,14,14,28,28,26,20,26,17,17,32,23,15,14,20,16,15,12,14,18,17,22,23,14,10,10,9,9,11,7,13,6,24,23,22,19,20,27,14,13,17,17,10,21,16,20,10,10,28,18,35,15,26,9,5,14,10,11,,13,9,7,7,6,21,21,21,22,19,12,24,19,14,16,20,24,24,17,18,,10,7,13,15,29,23,10,18,31,38,13,21,17,18,14,11,9,24,26,28,16,38,25,22,23,14,12,15,24,14,14,9,22,20,14,18,13,7,11,12,18,17,8,13,9,8,10,6,13,17,9,20,13,10,10,13,11,16,13,12,9,13,12,15,17,20,9,19,13,14,11,8,14,13,13,14,8,8,11,8,8,4,12,9,7,10,8,10,15,6,25,11,14,20,14,5,13,11,12,13,19,15,26,23,28,13,26,17,14,22,7,,25,9,21,6,10,12,15,15,,6,7,11,8,8,10,12,8,8,9,10,14,10,12,5,19,14,21,,13,8,12,25,9,10,24,18,35,25,26,21,10,27,23,19,16,34,9,5,16,17,13,11,21,21,18,27,48,34,23,25,13,39,33,31,10,12,43,33,,27,15,9,15,13
20210920,16,O3,75,81,131,55,75,150,120,101,75,90,96,118,155,131,111,77,90,11,34,126,115,102,96,72,98,106,112,119,114,94,94,79,88,101,122,151,126,90,99,132,70,80,76,71,102,129,53,104,78,65,136,107,127,104,51,61,93,99,77,75,52,94,141,41,142,150,114,121,114,123,117,118,107,98,127,145,114,116,52,90,74,70,119,74,107,109,80,84,89,87,79,81,76,55,82,79,54,58,83,73,61,46,68,83,99,92,89,70,84,129,103,119,147,141,49,40,80,62,74,52,60,26,63,109,130,120,113,137,150,140,111,114,123,113,109,101,121,94,85,113,36,162,123,125,112,123,186,115,140,129,108,115,77,105,128,119,120,113,85,120,78,70,69,63,66,91,54,,69,72,73,77,,112,107,118,108,112,120,114,105,119,114,86,80,73,83,127,,109,134,71,126,111,151,120,126,110,115,34,74,119,125,56,99,128,72,39,69,60,45,50,27,39,36,51,48,49,68,73,61,51,58,68,52,69,119,108,101,77,110,86,105,107,107,113,122,116,112,152,111,114,68,149,118,125,103,95,58,77,127,75,85,162,140,127,122,122,108,125,118,111,91,127,108,123,106,128,108,114,123,123,108,96,86,102,119,93,107,86,87,73,90,76,66,69,98,94,75,118,120,131,121,129,132,119,118,91,140,121,,92,103,120,132,108,119,99,103,,112,81,116,80,46,47,103,101,67,64,91,66,56,107,119,112,129,115,,100,91,133,110,103,111,105,120,118,125,120,129,101,143,105,117,116,126,128,126,123,139,118,130,120,121,115,141,131,90,74,119,109,120,136,76,59,86,90,93,,123,97,39,101,98
20210920,16,O3_24h,79,90,132,88,103,151,121,105,79,91,97,118,155,198,120,89,109,105,51,176,206,176,191,127,156,239,200,211,221,235,173,130,166,203,133,174,178,242,188,119,135,141,144,105,140,132,105,160,82,114,137,116,129,121,67,73,112,99,82,79,88,107,143,44,143,156,107,124,117,123,138,119,104,161,133,148,120,120,118,90,118,97,138,114,107,109,92,87,128,91,99,81,90,125,97,99,101,109,92,80,109,100,82,83,180,126,107,87,86,129,119,121,147,141,76,76,88,75,89,126,64,82,70,184,189,167,113,140,135,142,112,118,123,113,118,101,122,94,88,113,40,174,126,125,116,130,202,122,140,129,108,115,113,105,128,119,122,118,118,122,102,80,95,127,107,100,95,,87,99,99,90,90,182,173,186,153,174,216,226,209,224,207,168,122,132,143,186,,109,134,140,126,99,172,120,128,110,148,85,76,120,127,67,142,128,122,81,123,86,118,89,56,77,69,65,71,58,88,75,67,68,73,74,56,70,162,148,138,133,119,120,188,109,156,116,122,126,180,165,136,128,85,149,118,126,106,107,88,110,127,98,139,162,142,127,122,123,114,125,118,160,91,127,182,123,107,190,111,114,123,123,108,110,113,104,119,96,122,100,87,85,102,87,67,84,99,111,82,118,129,141,126,129,132,133,124,96,140,121,,95,94,122,132,108,120,99,103,,112,81,116,83,52,47,103,101,78,64,91,66,59,107,119,116,129,124,,126,111,133,121,71,113,105,120,118,125,121,129,101,143,105,123,118,126,128,126,123,165,120,130,121,121,115,145,134,158,113,119,115,120,136,140,72,103,145,158,,123,153,39,109,100
20210920,16,O3_8h,70,82,94,66,81,112,100,87,71,80,88,101,107,110,97,53,94,9,36,131,81,97,86,56,76,71,82,81,70,68,65,68,65,115,107,127,110,73,122,98,59,107,67,91,86,101,73,76,66,82,105,83,92,59,40,43,65,51,56,54,57,68,93,31,88,106,80,89,84,88,90,72,75,85,95,104,88,100,63,59,77,73,101,54,90,81,69,63,73,83,68,65,68,46,83,60,61,59,65,57,70,44,67,53,70,92,84,52,72,107,103,105,83,101,42,59,55,60,77,41,51,33,57,81,85,99,91,108,101,107,90,83,78,83,90,79,95,75,60,80,35,103,78,67,77,94,131,90,80,95,79,82,73,80,100,108,111,82,82,66,54,63,82,73,80,87,80,,78,82,76,82,,111,117,101,84,121,81,79,66,77,70,102,70,86,94,120,,82,98,88,107,91,112,89,104,73,97,32,53,90,117,48,107,105,53,49,44,61,25,28,20,25,39,42,50,46,59,65,43,48,52,67,44,58,97,95,83,71,79,74,86,89,86,99,86,85,87,118,92,103,62,106,85,86,80,72,66,64,84,62,84,104,99,97,97,99,87,101,91,83,67,82,83,85,82,92,85,83,77,88,79,80,62,75,80,67,85,68,58,56,62,62,57,59,72,83,63,65,96,101,81,95,103,76,78,62,109,68,,62,74,84,90,70,87,69,76,,68,48,86,63,36,34,80,70,62,31,70,37,38,81,75,82,91,87,,76,64,83,90,70,94,70,72,77,87,96,106,83,88,74,81,87,78,109,102,97,109,86,103,88,81,100,94,104,81,61,68,98,67,77,68,50,84,78,71,,86,79,30,97,69
20210920,16,O3_8h_24h,73,83,94,83,99,112,101,89,76,80,90,101,107,110,97,59,102,22,37,131,130,97,90,121,76,122,87,94,107,73,95,111,138,115,108,127,110,73,122,97,89,107,67,88,86,101,73,76,70,97,105,83,92,59,40,43,65,51,56,54,57,68,93,31,88,106,74,89,87,88,90,72,76,89,95,104,88,100,68,81,78,75,101,88,90,81,75,65,73,84,93,65,68,125,92,85,61,76,65,57,70,46,67,53,70,92,84,52,72,107,103,105,83,101,59,61,55,65,77,41,51,33,57,108,146,99,91,108,93,107,90,83,78,83,90,79,95,75,60,80,35,103,78,67,77,94,131,90,80,95,79,82,73,80,100,108,111,82,94,66,88,63,83,114,96,87,85,,79,95,89,88,90,111,117,101,87,121,113,108,82,96,97,102,70,86,94,120,,82,98,88,107,83,112,89,104,73,97,54,53,90,117,48,107,107,53,50,44,72,25,28,20,25,40,42,50,46,59,65,43,48,52,67,44,58,97,95,83,93,83,74,142,89,86,99,86,95,89,118,92,103,77,106,85,86,80,72,66,64,84,63,84,104,99,97,97,99,87,101,91,83,67,82,83,85,82,92,85,83,77,88,79,80,110,75,80,68,85,68,58,56,62,62,61,59,72,83,63,65,96,101,81,95,103,76,78,62,109,68,,62,72,84,90,70,87,69,76,,68,48,86,63,36,34,80,70,63,31,70,37,38,81,75,82,91,87,,76,64,83,90,52,94,70,72,77,87,96,106,83,88,74,81,87,78,109,102,97,109,86,103,88,81,100,94,104,81,62,68,98,67,77,68,50,84,78,71,,86,79,30,97,69
20210920,16,CO,0.42,0.61,0.26,0.52,0.36,0.82,0.29,0.24,0.40,0.35,0.33,0.35,1.00,0.70,0.44,0.40,0.54,0.80,0.61,0.88,0.67,0.82,0.79,0.84,0.54,0.47,0.87,0.72,0.93,0.60,0.60,0.83,0.75,0.73,0.56,0.48,0.69,0.77,0.82,0.40,0.43,0.50,0.53,0.35,0.57,0.67,0.25,0.63,0.50,0.70,0.45,0.81,0.74,0.68,0.49,0.50,0.52,0.47,0.53,0.52,0.47,0.40,0.64,0.34,0.52,0.45,0.41,0.41,0.25,0.32,0.32,0.73,0.42,0.42,1.18,0.87,0.91,0.40,0.90,0.47,0.57,0.73,0.47,0.57,0.58,0.40,0.73,0.50,0.37,0.44,0.62,0.53,0.38,1.00,0.34,0.53,0.44,0.44,0.45,0.53,0.45,0.40,0.55,0.40,0.43,0.70,0.60,0.50,0.43,0.60,0.43,0.62,0.88,0.73,0.30,0.90,0.40,0.52,0.66,0.60,0.40,0.38,0.38,0.78,0.88,0.57,0.41,0.68,0.48,0.48,0.44,0.40,0.55,0.87,1.08,0.72,0.33,0.48,0.63,0.80,0.23,0.57,0.58,1.34,0.55,0.33,0.47,0.42,0.47,0.43,0.42,0.37,0.43,0.21,0.37,0.35,0.67,0.30,0.30,0.33,0.60,0.40,0.90,0.80,0.60,0.80,0.80,,1.00,1.20,0.50,0.50,,0.60,0.85,0.93,0.70,1.00,0.85,1.03,1.10,0.80,0.75,0.95,0.70,0.70,0.45,0.55,,0.43,0.50,0.30,0.58,0.42,0.60,0.40,0.60,0.37,0.30,0.17,0.25,0.20,0.20,0.27,0.10,0.40,0.42,0.53,0.32,0.50,0.38,0.80,0.65,0.55,0.45,0.40,0.40,0.27,0.50,0.20,0.43,0.43,0.40,0.40,0.35,0.40,0.63,0.58,0.72,0.82,0.78,0.47,0.55,0.64,0.43,0.70,0.60,0.93,0.55,0.43,0.87,0.33,0.27,0.70,0.57,0.85,0.53,0.67,0.88,0.63,0.77,0.75,0.53,0.70,0.63,0.65,0.50,0.63,0.52,0.63,0.53,1.06,0.43,0.70,0.93,0.58,1.10,0.80,0.53,0.57,0.47,0.73,0.45,0.90,0.47,0.55,0.80,0.68,0.70,0.60,0.57,0.55,0.42,0.43,0.53,0.50,0.50,0.53,0.40,0.67,0.27,0.38,0.47,0.33,0.35,0.78,0.37,0.40,0.45,0.30,,0.15,0.73,0.45,0.30,0.50,0.30,0.50,0.65,,0.55,0.35,0.35,0.50,0.40,0.55,0.50,0.50,0.30,0.40,0.45,0.55,0.90,0.40,0.30,0.35,0.35,0.65,,0.30,0.40,0.50,0.30,0.30,0.20,0.15,0.45,0.15,0.15,,0.30,0.40,0.25,0.10,0.20,0.25,0.20,0.40,0.50,0.50,0.40,0.40,0.30,0.17,0.30,0.30,0.45,0.20,0.70,0.10,0.30,0.20,0.43,0.15,0.40,0.20,0.30,0.45,0.10,,0.40,0.80,0.45,0.40,0.33
20210920,16,CO_24h,0.57,0.94,0.38,0.91,0.36,0.73,0.39,0.30,0.55,0.63,0.42,0.68,0.45,0.59,0.55,1.35,0.56,0.56,0.63,0.63,0.80,0.63,0.57,0.66,0.69,0.50,0.62,0.71,0.85,0.73,0.53,0.67,0.75,0.65,0.57,0.48,0.63,0.67,0.70,0.43,0.53,0.57,0.60,0.40,0.70,0.65,0.34,0.63,0.74,0.42,0.74,0.86,0.71,0.65,0.49,0.65,0.46,0.45,0.40,0.50,0.50,0.42,0.65,0.48,0.69,0.66,0.54,0.48,0.32,0.40,0.77,1.23,0.57,0.64,0.83,0.70,0.80,0.56,0.98,0.47,0.97,0.88,0.53,0.54,0.65,0.62,0.68,0.71,0.43,0.16,0.48,0.73,0.67,0.60,0.32,0.58,0.54,0.56,0.42,0.56,0.53,0.53,0.65,0.50,0.47,0.75,0.70,0.60,0.50,0.53,0.54,0.72,1.44,0.67,0.44,1.03,0.86,0.58,0.84,0.93,0.52,0.33,0.40,0.78,0.97,0.60,0.71,1.14,0.90,0.75,0.74,0.63,0.70,0.83,1.00,0.83,0.53,0.56,0.57,0.83,0.30,0.65,0.68,1.06,0.70,0.47,0.55,0.52,0.45,0.60,0.47,0.40,0.50,0.33,0.47,0.40,0.40,0.80,0.42,0.47,0.60,0.60,0.60,0.55,0.35,0.45,0.40,,0.45,0.75,0.50,0.30,0.60,0.50,0.75,0.77,0.55,0.80,0.95,0.83,0.90,0.80,0.75,0.45,0.70,0.70,0.50,0.65,,0.63,0.85,0.43,0.66,0.55,0.75,0.60,0.63,0.50,1.07,0.13,0.40,0.50,0.35,0.33,0.10,0.30,0.74,1.13,0.63,0.62,0.58,1.05,1.10,0.75,0.45,0.40,0.43,0.38,0.63,0.67,0.87,0.57,0.70,0.50,0.20,0.45,0.65,0.65,0.72,0.75,0.60,0.47,0.63,0.84,0.47,0.80,0.70,0.77,0.60,0.47,1.00,0.50,0.40,0.60,0.60,0.80,1.00,0.60,0.86,0.63,0.80,0.63,0.50,1.42,0.95,0.55,0.95,0.92,0.84,0.70,0.77,1.22,0.73,0.85,1.03,0.74,1.20,0.80,0.57,0.77,0.77,0.78,0.47,0.93,0.47,0.50,0.93,0.95,0.60,0.80,0.57,0.68,0.60,0.58,0.53,0.60,0.45,0.67,0.45,0.60,0.37,0.53,0.75,0.47,0.50,0.63,0.37,0.43,0.60,0.25,,0.25,0.60,0.80,0.33,0.60,0.43,0.60,0.55,,0.55,0.65,0.60,0.60,0.40,0.65,0.65,0.43,0.30,0.40,0.55,0.70,0.95,0.65,0.45,0.40,0.45,1.05,,0.35,0.45,0.53,0.47,0.55,0.35,0.50,0.45,0.45,0.25,0.15,0.35,0.50,0.40,0.30,0.30,0.25,0.40,0.30,0.70,0.60,0.50,0.40,0.40,0.30,0.40,0.43,0.55,0.55,1.00,0.20,0.45,0.20,0.83,0.40,0.70,0.30,0.40,0.70,0.30,,0.45,0.80,0.45,0.60,0.40
20210920,17,AQI,23,25,41,18,23,46,38,31,22,26,31,37,56,34,36,23,29,41,50,32,38,34,33,23,32,35,38,37,35,30,32,28,27,30,46,55,49,29,30,47,23,41,54,24,31,56,14,31,23,26,41,33,38,34,16,19,32,24,30,25,16,30,43,17,46,45,35,37,37,38,38,37,33,63,40,45,56,36,21,26,34,22,41,23,35,33,26,25,29,30,27,27,25,20,25,24,24,19,34,24,17,15,19,32,36,25,36,21,26,41,29,37,43,41,15,21,23,20,23,26,21,55,18,32,40,35,35,48,48,41,33,36,39,35,34,31,38,29,28,31,16,56,38,41,35,42,61,35,42,42,33,44,26,38,41,38,51,54,52,58,24,23,23,20,19,25,18,,21,26,26,26,,36,33,40,36,34,37,38,35,36,38,31,41,,46,43,,34,41,24,39,34,41,38,39,40,37,26,23,36,37,28,29,40,19,22,22,19,22,21,16,20,23,24,27,22,31,23,18,18,25,18,26,21,36,33,31,24,32,28,33,33,32,33,38,36,35,40,36,30,20,53,37,36,34,28,21,24,41,29,30,50,42,38,37,38,32,39,37,34,27,43,33,39,33,39,34,37,41,38,34,29,28,33,38,29,34,31,34,25,31,24,21,21,29,27,24,35,38,39,39,43,43,34,39,31,42,36,,29,29,37,44,34,38,31,33,,35,26,37,25,14,16,32,34,18,22,29,21,17,28,37,35,41,38,,32,33,43,43,34,51,32,38,56,39,37,41,38,44,31,34,36,39,40,40,39,49,37,40,41,52,35,52,57,46,83,66,63,70,69,25,45,28,50,46,,38,31,34,29,33
20210920,17,PM2.5,1,1,10,9,5,10,7,10,12,5,8,16,12,14,11,5,9,20,22,20,8,10,9,6,7,7,12,12,14,10,19,11,14,15,32,32,24,8,14,30,11,21,19,9,5,28,6,6,5,13,11,11,7,15,6,5,14,9,11,11,7,5,19,6,11,9,7,6,5,12,14,8,9,13,14,14,20,9,11,8,24,8,12,7,5,1,7,10,8,9,7,4,6,12,7,9,6,7,10,15,7,4,6,7,10,11,18,11,4,5,11,13,27,21,5,14,5,5,4,13,7,21,8,6,11,7,11,17,8,11,11,9,9,5,8,4,13,9,6,16,6,13,8,14,9,12,17,11,11,10,11,9,9,10,9,7,16,12,14,17,4,5,5,8,13,12,6,,11,10,11,15,,8,10,9,16,10,6,21,7,18,7,6,29,,21,22,,9,6,7,18,12,22,12,7,17,14,18,9,7,6,15,4,12,8,10,7,6,13,15,7,6,7,14,9,7,13,8,11,6,6,5,9,15,11,9,17,12,6,7,8,6,15,4,10,8,6,18,17,9,8,27,12,7,5,3,8,7,7,15,17,18,15,8,8,12,9,9,15,4,8,11,19,14,9,10,5,3,7,16,12,7,7,6,9,13,4,13,15,12,15,11,5,7,8,15,12,6,7,11,8,13,10,13,12,9,6,7,,6,10,7,9,6,6,7,9,,9,4,10,6,6,7,15,24,9,5,6,4,11,8,5,4,,4,,3,5,13,8,11,16,9,5,14,15,9,17,10,7,4,5,5,15,6,8,7,22,3,8,11,10,9,20,12,8,20,17,12,35,45,6,6,5,12,19,,9,7,13,4,15
20210920,17,PM2.5_24h,8,6,9,12,6,5,11,18,16,13,7,8,5,16,14,32,8,18,13,25,27,23,24,13,13,26,24,26,26,25,23,17,22,35,19,20,29,26,27,17,11,25,30,23,13,21,16,15,5,8,11,9,10,9,6,6,7,5,6,11,9,5,21,7,14,15,9,10,7,9,18,19,14,26,13,13,18,16,17,9,26,14,19,11,3,3,5,9,12,4,7,6,7,14,8,5,10,16,10,7,15,12,12,8,8,15,18,13,6,2,9,9,41,10,14,17,20,9,19,25,11,17,11,26,29,15,13,8,10,15,12,9,11,8,10,3,12,17,7,17,6,13,11,17,13,14,16,14,10,15,10,9,9,8,7,7,14,19,17,31,12,4,9,10,6,10,6,,7,8,6,7,6,26,23,23,24,23,29,24,26,26,23,20,36,27,29,36,,9,7,21,8,14,18,15,9,11,26,20,17,18,14,15,10,20,26,19,22,33,25,27,13,14,9,15,12,12,16,19,12,17,18,9,10,13,19,18,15,18,16,20,25,12,16,8,10,17,23,19,27,22,15,16,22,14,22,12,11,18,19,19,28,18,21,8,14,11,11,6,11,15,9,19,22,12,6,16,8,6,6,17,15,9,13,17,9,18,6,18,16,15,16,19,7,15,9,21,15,10,12,12,13,12,15,14,9,9,7,14,,5,8,11,10,6,10,8,11,,4,8,19,8,10,12,12,20,9,8,9,12,9,14,7,14,8,24,,7,7,10,11,8,9,11,11,15,18,8,17,10,10,7,21,9,25,10,20,17,21,8,13,17,15,9,21,28,25,18,27,20,65,53,25,12,12,29,30,,16,20,8,10,10
20210920,17,PM10,10,2,21,9,10,18,10,16,10,11,11,19,29,25,36,9,21,41,50,24,18,26,21,17,19,21,27,23,20,15,32,25,20,30,45,60,49,15,30,47,23,41,58,24,16,62,11,17,8,26,33,16,14,29,16,12,31,21,30,19,16,11,37,17,26,18,20,16,16,38,27,18,22,76,33,20,62,34,21,20,9,9,41,10,8,6,13,8,19,12,17,10,5,20,15,8,24,19,34,24,10,12,17,24,21,19,36,21,17,21,22,26,26,31,5,21,3,13,4,26,21,59,14,18,24,12,30,36,32,25,19,33,19,15,9,9,12,17,28,29,16,23,16,24,12,22,40,21,21,17,33,44,24,38,34,38,52,58,53,65,13,12,23,17,16,25,17,,21,19,26,17,,14,21,20,36,19,14,32,14,21,17,27,33,,46,43,,12,37,17,32,24,41,32,19,40,37,23,15,34,16,28,5,38,7,22,7,3,22,19,16,20,23,24,27,22,31,17,18,18,25,13,26,9,21,18,24,21,10,8,14,16,29,11,27,16,7,40,36,30,19,55,33,8,13,11,21,13,18,29,30,41,38,24,29,28,29,31,18,13,17,20,26,17,18,18,7,13,18,34,20,11,10,15,23,18,7,20,34,25,19,17,14,11,18,22,19,16,13,21,18,18,18,33,21,17,13,12,,9,19,19,15,13,14,12,15,,12,22,7,10,12,9,13,27,15,8,9,16,16,19,10,13,8,18,,11,13,33,43,34,51,32,21,62,36,21,39,38,22,27,20,12,21,14,14,16,49,8,28,41,53,29,54,64,46,115,81,75,89,88,25,45,21,50,46,,29,21,34,22,33
20210920,17,PM10_24h,7,9,12,17,13,9,14,18,19,20,9,6,8,28,29,59,19,53,36,40,49,40,36,26,22,51,44,42,43,42,36,30,38,59,30,38,49,52,43,30,23,44,68,39,35,41,25,39,7,22,22,15,19,22,16,13,19,14,18,25,24,14,38,20,28,28,27,17,19,21,49,34,41,92,20,16,36,29,27,19,20,20,40,18,3,5,6,8,21,13,12,17,3,24,19,8,21,23,21,22,27,21,34,16,17,30,30,28,11,5,15,17,44,16,32,36,40,19,19,54,35,37,17,45,46,29,22,18,20,25,19,22,20,16,14,9,17,26,19,29,16,27,22,23,16,25,39,25,18,20,23,25,26,22,21,33,40,55,69,105,17,6,19,23,13,16,13,,13,12,20,15,18,45,47,38,46,40,43,40,39,39,43,37,58,58,45,54,,14,23,36,20,26,25,21,19,39,92,30,40,51,23,25,31,39,47,37,43,43,56,45,31,39,20,23,29,34,30,41,22,36,24,14,24,17,34,32,23,35,31,33,44,17,30,24,21,28,38,32,42,35,27,35,41,20,38,24,28,36,37,36,46,28,32,7,22,19,23,13,15,30,20,20,39,14,12,30,18,9,21,29,22,17,24,23,16,27,13,45,30,32,41,35,10,29,20,37,33,20,23,26,25,22,28,30,19,18,15,25,,24,13,25,15,16,16,15,18,,14,14,22,15,11,16,16,20,12,15,14,22,17,31,15,32,21,50,,19,18,24,26,19,24,29,28,59,41,24,50,30,31,35,38,26,36,13,26,28,38,23,29,53,40,22,77,110,85,96,90,86,178,184,83,61,41,86,92,,39,59,18,18,21
20210920,17,SO2,3,6,6,3,4,9,5,5,10,2,4,7,17,8,6,8,7,5,9,6,4,5,7,6,6,7,7,6,8,6,4,4,4,6,8,4,9,6,6,5,6,4,4,6,5,6,6,5,6,5,5,6,5,7,6,5,7,3,5,6,6,7,6,3,8,6,5,8,7,6,8,6,4,8,8,11,7,6,8,7,6,25,5,4,5,6,9,5,8,5,4,5,5,5,4,10,7,7,6,10,5,7,5,7,7,6,4,8,7,5,8,9,9,10,7,7,10,8,9,8,5,6,6,8,10,8,4,7,7,7,5,5,8,6,8,7,2,9,7,12,4,8,8,18,9,4,5,3,5,6,7,4,4,4,6,4,23,10,6,5,10,5,4,6,4,9,8,,7,5,4,4,,7,10,8,9,9,5,10,9,6,8,11,6,,6,7,,6,9,4,5,6,11,5,11,9,8,3,4,6,15,3,10,6,7,16,4,6,7,18,10,11,4,8,7,8,8,5,5,9,3,4,6,5,7,4,7,12,7,7,7,6,3,5,2,10,5,7,9,5,5,8,11,9,5,5,12,7,8,6,6,11,8,6,8,6,8,8,8,9,6,8,6,3,4,8,7,5,8,8,8,2,5,7,6,4,4,10,18,7,4,5,6,6,8,6,5,5,6,9,6,22,5,6,9,5,5,10,,8,14,5,9,3,6,7,4,,5,8,6,6,8,5,6,51,7,8,5,4,5,8,9,6,4,9,,7,10,9,5,5,7,40,11,5,6,3,5,8,6,11,5,5,6,6,4,9,8,8,15,5,8,4,6,9,13,8,7,3,6,3,7,11,3,6,13,,11,3,3,7,7
20210920,17,SO2_24h,3,6,4,4,4,7,4,5,9,2,4,7,5,9,8,12,6,5,8,6,4,5,6,6,6,11,5,7,6,6,4,4,5,7,7,4,7,9,7,5,6,4,5,6,5,5,7,9,6,5,5,6,5,6,6,5,7,3,5,6,6,7,8,3,10,6,6,8,8,5,11,16,7,12,8,7,14,7,6,6,8,15,11,4,4,6,6,5,8,5,4,5,5,4,4,8,10,8,8,11,6,7,6,6,7,6,7,13,7,4,10,9,9,7,13,7,13,10,11,18,5,5,5,9,7,8,3,8,6,7,6,7,7,7,8,7,2,18,7,10,4,8,9,17,9,5,6,4,5,7,7,4,4,7,5,3,9,15,7,5,8,5,3,5,4,8,8,,6,5,4,4,6,9,10,8,8,8,6,9,9,6,9,9,6,2,6,6,,6,8,7,5,10,9,5,11,10,36,3,4,8,16,2,12,6,12,14,7,9,9,11,15,12,4,7,7,7,9,5,6,9,6,6,9,6,6,5,6,10,8,8,7,8,3,5,3,6,6,7,7,5,7,5,13,11,30,5,10,10,8,6,13,12,7,5,9,6,9,7,7,11,6,7,8,2,5,8,7,5,8,11,9,2,15,7,4,8,4,13,9,8,5,18,6,10,8,24,12,6,9,9,8,10,5,6,7,5,6,11,,8,9,6,8,2,7,8,5,,4,7,16,7,8,6,17,11,6,8,6,7,4,9,9,6,4,9,,8,10,9,8,8,7,46,9,5,10,4,7,9,6,12,5,7,13,6,8,13,10,8,14,10,10,5,8,13,19,11,7,4,6,7,10,12,4,11,15,,13,6,14,6,7
20210920,17,NO2,7,11,12,18,10,9,13,8,14,14,10,11,18,16,8,12,11,36,34,24,9,13,28,16,11,11,13,16,19,14,12,10,11,18,21,20,22,21,17,14,22,17,17,9,14,15,12,7,14,19,13,11,8,27,20,9,26,8,21,26,29,9,12,3,15,7,6,11,9,12,14,13,10,12,13,13,9,13,30,7,16,12,13,16,9,9,8,10,13,14,12,9,9,19,8,13,7,9,8,6,7,3,7,5,9,10,12,5,6,11,15,5,12,22,17,24,10,9,9,22,11,39,12,20,15,20,7,9,13,9,11,10,15,9,10,9,6,5,7,9,4,11,12,17,9,8,12,8,8,9,11,8,22,10,17,5,10,9,6,5,15,15,11,12,18,13,17,,18,12,9,7,,19,20,16,26,21,8,30,19,12,8,34,23,,24,9,,9,8,6,16,9,13,8,7,15,13,14,9,8,4,19,7,5,11,19,12,8,18,12,24,20,25,15,15,30,26,10,13,30,22,20,19,5,6,8,15,23,8,5,8,9,9,8,7,11,11,11,11,4,5,20,10,7,6,11,9,6,7,10,10,12,11,11,12,10,10,11,8,9,9,13,5,6,7,4,6,5,3,10,8,4,5,12,6,8,3,8,13,6,7,5,3,7,7,4,5,7,5,10,6,9,6,18,9,7,9,6,,7,10,7,5,10,6,4,9,,3,5,5,4,8,6,6,6,9,7,5,7,11,6,2,12,3,8,,3,5,8,17,6,6,14,11,9,9,8,8,11,7,12,10,4,9,4,5,2,12,1,9,6,6,9,14,12,5,6,6,3,11,9,10,6,1,12,6,,9,2,8,17,7
20210920,17,NO2_24h,12,13,11,21,12,10,12,14,22,16,9,14,10,24,22,33,10,32,25,17,14,15,17,12,13,19,15,20,20,18,12,9,13,26,15,20,17,25,18,10,13,18,27,11,16,15,15,13,20,8,18,15,10,23,13,9,18,11,15,21,12,15,20,14,27,30,20,15,16,14,43,32,22,38,14,13,24,16,22,13,19,19,20,14,9,11,7,18,15,13,9,13,13,9,9,7,14,10,8,8,12,6,13,9,17,11,11,13,11,12,14,13,28,28,25,20,25,17,16,33,23,16,14,20,17,15,12,14,18,17,22,22,14,10,10,9,9,11,7,13,6,24,23,23,18,20,26,14,13,17,17,11,21,16,21,9,11,27,18,35,15,24,9,5,14,10,11,,13,8,7,6,6,20,20,21,21,19,12,24,19,14,15,21,24,25,18,18,,10,7,13,15,28,23,10,17,31,38,13,21,17,17,14,10,9,23,25,28,15,37,24,22,23,15,12,15,24,14,14,10,23,20,14,18,13,7,10,12,18,16,8,13,8,7,10,6,13,17,9,20,13,10,10,13,11,15,13,11,9,13,12,15,17,20,9,19,13,14,11,8,14,13,13,13,8,8,10,8,8,4,12,9,7,10,8,10,15,6,24,11,14,20,13,5,13,11,12,13,19,15,26,23,28,13,27,17,14,22,7,,24,9,22,6,10,12,15,14,,5,7,11,8,8,9,12,8,8,9,10,14,10,12,5,19,14,21,,13,8,12,25,9,10,25,18,35,25,26,21,10,27,23,19,16,33,9,5,16,17,13,11,21,21,18,27,48,34,23,25,13,39,33,31,10,11,42,33,,27,15,9,15,12
20210920,17,O3,74,79,132,57,73,148,121,100,69,83,98,118,165,110,107,73,93,12,25,103,121,110,107,74,101,111,120,119,113,97,94,89,86,96,115,122,110,92,97,133,58,53,69,54,100,128,45,98,75,56,131,106,122,110,46,60,103,78,88,81,44,95,136,40,148,143,111,117,118,122,120,117,104,98,129,145,99,114,48,83,68,70,83,74,113,105,82,79,92,95,85,85,80,61,79,77,54,52,76,73,54,49,60,103,116,79,59,64,82,132,92,119,138,130,48,47,75,64,72,48,56,14,56,102,128,112,112,152,155,131,106,114,125,112,109,98,120,94,90,99,37,165,122,130,112,135,169,112,134,135,107,112,82,104,132,120,121,108,84,105,77,75,58,64,61,65,58,,67,82,68,82,,116,105,127,113,109,117,121,113,116,120,99,71,,62,93,,110,130,77,126,110,125,121,124,115,104,35,73,116,119,46,93,129,62,44,70,62,58,49,28,35,32,47,48,40,49,72,51,40,49,59,46,66,116,106,99,76,101,89,104,106,103,106,121,115,111,119,81,71,65,152,118,114,109,91,58,77,131,80,72,159,133,122,119,122,102,124,118,108,86,138,106,126,105,125,110,117,131,122,108,94,88,104,121,93,108,98,81,71,99,78,66,66,92,86,77,113,123,124,125,136,136,108,126,100,133,115,,92,92,118,141,109,121,99,105,,113,83,119,81,44,50,102,93,58,69,93,66,54,91,117,113,131,120,,102,104,137,99,105,110,100,123,117,126,118,132,99,142,99,110,114,126,128,129,126,138,117,128,120,120,112,131,138,93,75,122,110,117,136,74,64,91,88,99,,121,98,44,93,101
20210920,17,O3_24h,80,90,132,88,103,152,122,105,79,91,99,119,165,198,120,84,109,81,49,176,212,165,157,127,156,218,177,202,215,218,169,127,161,186,129,174,166,204,182,122,131,133,125,119,125,133,98,142,83,114,137,109,130,122,65,75,117,99,89,81,88,101,146,44,144,157,107,127,118,124,138,119,104,160,136,148,120,120,114,90,96,91,138,96,113,109,90,87,127,95,99,85,88,125,97,95,96,109,92,82,109,100,82,103,162,126,102,77,86,132,119,121,147,141,67,76,84,76,88,104,64,67,67,180,187,164,113,152,152,142,112,118,126,113,113,102,123,96,91,113,40,171,126,131,118,136,202,122,140,135,108,115,113,106,132,120,123,119,113,122,102,80,95,127,107,100,95,,87,99,99,90,89,166,171,134,124,171,210,208,202,215,197,168,122,102,123,157,,110,134,118,127,112,172,121,128,115,148,73,76,119,127,60,142,129,99,76,87,86,101,79,37,60,60,59,60,58,88,76,67,67,73,74,56,70,152,138,136,121,112,109,181,109,146,114,123,118,180,165,124,128,85,153,119,126,109,102,88,100,131,84,121,162,142,127,123,123,114,125,119,149,91,138,146,127,107,148,112,117,131,124,109,98,113,107,122,97,122,98,87,81,101,89,67,80,99,110,82,118,131,141,126,136,136,133,126,100,140,121,,92,93,122,141,110,122,99,106,,114,83,119,82,52,50,103,101,78,69,93,67,57,107,119,116,131,121,,126,111,137,121,105,113,105,123,119,126,121,132,101,144,105,123,118,126,128,129,126,165,120,130,121,121,115,145,138,157,113,122,115,121,137,140,68,103,139,158,,123,135,44,109,103
20210920,17,O3_8h,71,82,105,63,80,123,105,91,72,81,89,105,119,120,103,59,93,9,36,134,91,102,92,61,82,81,90,88,81,74,73,71,71,118,112,134,114,79,124,110,60,105,74,93,93,111,71,83,70,75,115,90,100,71,44,48,75,59,64,60,58,76,106,35,103,122,92,98,93,97,105,84,82,88,103,114,94,107,62,66,75,72,104,60,94,85,74,69,78,85,67,70,73,50,82,66,64,59,72,64,71,45,69,63,82,96,85,59,75,113,107,110,97,108,43,59,61,64,76,44,55,31,59,89,96,106,98,121,113,117,98,95,91,90,95,84,106,82,69,86,36,121,90,82,89,107,147,98,93,106,88,92,81,88,109,114,115,90,82,77,60,68,78,69,76,86,76,,78,80,74,82,,116,120,107,89,125,92,86,75,85,80,107,72,90,94,122,,89,109,91,113,102,125,99,113,84,109,32,59,98,121,51,111,113,55,51,50,63,31,33,23,27,39,45,53,48,62,71,49,50,56,68,48,64,103,100,88,74,85,78,92,95,92,102,97,92,95,121,99,106,64,119,96,94,87,76,68,66,96,67,84,120,112,103,106,109,95,109,99,90,74,93,91,96,90,102,93,93,91,96,86,85,68,83,90,71,97,78,66,63,72,68,60,64,79,88,69,77,108,113,96,109,116,88,91,71,117,81,,72,82,95,104,82,98,78,83,,79,58,96,70,40,39,85,77,64,38,77,44,43,91,86,92,104,99,,84,73,95,98,78,102,77,85,91,99,106,115,89,103,83,93,98,92,118,111,106,121,96,109,99,93,106,104,109,84,66,79,100,77,89,70,53,84,81,80,,97,85,34,98,77
20210920,17,O3_8h_24h,74,83,105,83,99,123,105,93,76,81,92,105,119,120,103,63,102,22,37,134,131,102,94,121,82,122,91,94,107,78,95,111,138,118,113,134,114,79,124,105,89,107,74,93,93,111,73,83,73,97,115,90,100,71,44,48,75,59,64,60,58,76,106,35,100,122,84,98,93,97,105,84,82,93,103,114,94,107,68,81,78,75,104,88,94,85,77,70,78,86,93,70,73,125,92,85,64,76,72,64,71,46,69,63,82,96,85,59,75,113,107,110,97,108,59,61,61,67,77,44,55,33,59,108,146,106,98,121,113,117,98,95,91,90,95,84,106,82,69,86,36,121,90,82,89,107,147,98,93,106,88,92,81,88,109,114,115,90,94,77,88,68,83,114,96,87,85,,79,95,89,88,90,116,120,107,90,125,113,108,82,96,97,107,72,90,94,122,,89,109,91,113,102,125,99,113,84,109,54,59,98,121,51,111,113,55,51,50,73,31,33,23,27,40,45,53,48,62,71,49,50,56,68,48,64,103,100,88,93,87,78,142,95,92,102,97,96,95,123,99,106,77,119,96,94,87,76,68,66,96,67,85,120,112,103,106,109,95,109,99,90,74,93,91,96,90,102,93,93,91,96,86,85,110,83,90,71,97,78,66,63,72,68,62,64,79,88,69,77,108,113,96,109,116,88,91,71,117,81,,72,78,95,104,82,98,78,83,,79,58,96,70,40,39,85,77,64,38,77,44,43,91,86,92,104,99,,84,73,95,98,78,102,77,85,91,99,106,115,89,103,83,93,98,92,118,111,106,121,96,109,99,93,106,104,109,84,66,79,100,77,89,70,53,84,81,80,,97,85,34,98,77
20210920,17,CO,0.41,0.60,0.25,0.47,0.35,0.80,0.26,0.25,0.47,0.38,0.30,0.38,1.27,0.49,0.30,0.41,0.75,0.73,0.67,0.85,0.67,0.81,0.79,0.84,0.54,0.47,0.84,0.71,0.85,0.57,0.62,0.82,0.68,0.78,0.61,0.50,0.85,0.77,0.85,0.50,0.43,0.40,0.53,0.30,0.58,0.68,0.28,0.63,0.56,0.70,0.42,0.80,0.68,0.68,0.51,0.52,0.50,0.43,0.52,0.52,0.53,0.40,0.61,0.34,0.53,0.46,0.39,0.44,0.20,0.33,0.40,0.53,0.43,0.42,0.97,0.90,0.39,0.44,1.42,0.50,0.60,0.75,0.45,0.56,0.53,0.40,0.73,0.44,0.33,0.49,0.62,0.50,0.40,1.02,0.58,0.50,0.44,0.47,0.48,0.58,0.50,0.43,0.60,0.43,0.45,0.75,0.68,0.50,0.40,0.63,0.43,0.63,0.82,0.68,0.30,0.93,0.42,0.52,0.62,0.67,0.40,0.47,0.40,0.75,0.90,0.61,0.40,0.72,0.50,0.47,0.50,0.38,0.57,0.87,1.06,0.73,0.33,0.48,0.65,0.73,0.27,0.58,0.54,1.22,0.57,0.35,0.45,0.42,0.43,0.40,0.42,0.37,0.47,0.20,0.40,0.35,0.80,0.36,0.30,0.27,0.55,0.40,0.90,0.85,0.70,0.80,0.75,,0.85,1.05,0.65,0.70,,0.65,0.95,0.90,0.75,1.10,0.85,1.00,1.10,0.75,0.75,0.85,0.70,,0.50,0.45,,0.43,0.53,0.30,0.60,0.48,0.43,0.38,0.60,0.37,0.35,0.13,0.30,0.25,0.20,0.27,0.20,0.40,0.46,0.53,0.32,0.47,0.35,0.80,0.65,0.55,0.55,0.45,0.47,0.28,0.53,0.20,0.57,0.60,0.47,0.90,0.40,0.45,0.63,0.53,0.78,1.03,0.63,0.50,0.47,0.68,0.43,0.70,0.60,0.97,0.55,0.40,0.70,0.27,0.30,1.20,0.65,0.72,0.50,0.75,0.94,0.55,0.77,0.75,0.57,0.88,0.60,0.65,0.53,0.63,0.52,0.63,0.53,1.14,0.43,0.70,0.87,0.66,1.10,0.80,0.53,0.57,0.47,0.67,0.43,0.88,0.47,0.57,0.80,0.65,0.80,0.63,0.60,0.55,0.50,0.45,0.53,0.57,0.50,0.53,0.40,0.57,0.20,0.35,0.50,0.33,0.35,0.55,0.40,0.43,0.42,0.30,,0.15,0.80,0.45,0.30,0.50,0.30,0.45,0.65,,0.55,0.35,0.40,0.50,0.35,0.50,0.55,0.47,0.30,0.40,0.45,0.55,0.90,0.45,0.35,0.35,0.35,0.65,,0.25,0.35,0.47,0.33,0.30,0.20,0.15,0.45,0.15,0.15,0.10,0.30,0.45,0.25,0.10,0.20,0.25,0.20,0.30,0.50,0.50,0.40,0.30,0.40,0.25,0.25,0.33,0.40,0.35,0.70,0.15,0.30,0.20,0.40,0.15,0.40,0.20,0.30,0.45,0.10,,0.35,0.90,0.45,0.43,0.33
20210920,17,CO_24h,0.57,0.92,0.36,0.88,0.36,0.75,0.38,0.26,0.55,0.63,0.42,0.68,0.48,0.56,0.54,1.28,0.57,0.56,0.64,0.65,0.78,0.64,0.60,0.67,0.66,0.48,0.64,0.70,0.85,0.73,0.53,0.67,0.75,0.66,0.59,0.48,0.63,0.67,0.73,0.43,0.53,0.57,0.60,0.40,0.70,0.65,0.34,0.63,0.75,0.43,0.71,0.86,0.71,0.66,0.49,0.65,0.46,0.45,0.42,0.50,0.50,0.42,0.66,0.48,0.68,0.66,0.53,0.48,0.32,0.39,0.77,1.23,0.57,0.63,0.87,0.73,0.80,0.56,1.00,0.47,0.97,0.85,0.53,0.56,0.65,0.62,0.68,0.71,0.43,0.19,0.53,0.70,0.67,0.60,0.32,0.58,0.54,0.56,0.43,0.56,0.53,0.53,0.65,0.50,0.47,0.75,0.70,0.60,0.50,0.53,0.54,0.72,1.44,0.67,0.42,0.97,0.80,0.57,0.84,0.93,0.52,0.33,0.42,0.78,0.97,0.60,0.71,1.12,0.87,0.73,0.74,0.60,0.70,0.83,1.06,0.83,0.53,0.56,0.57,0.83,0.30,0.67,0.68,1.12,0.68,0.47,0.57,0.52,0.45,0.55,0.47,0.40,0.50,0.33,0.47,0.40,0.43,0.80,0.42,0.47,0.60,0.60,0.70,0.55,0.35,0.45,0.40,,0.45,0.75,0.50,0.40,0.60,0.50,0.75,0.80,0.55,0.80,0.95,0.87,0.90,0.80,0.75,0.50,0.70,0.70,0.50,0.65,,0.63,0.85,0.43,0.62,0.55,0.75,0.60,0.63,0.50,1.07,0.13,0.40,0.50,0.35,0.33,0.10,0.30,0.72,1.02,0.60,0.62,0.58,1.05,1.10,0.70,0.45,0.40,0.43,0.38,0.63,0.67,0.87,0.57,0.70,0.55,0.20,0.45,0.65,0.65,0.72,0.75,0.60,0.47,0.63,0.82,0.47,0.80,0.70,0.80,0.63,0.47,1.00,0.50,0.40,0.65,0.60,0.80,1.00,0.60,0.86,0.63,0.80,0.63,0.50,1.38,0.92,0.55,0.93,0.92,0.80,0.67,0.73,1.22,0.73,0.85,1.03,0.74,1.20,0.77,0.57,0.77,0.73,0.78,0.47,0.93,0.47,0.50,0.93,0.95,0.65,0.80,0.60,0.68,0.60,0.58,0.53,0.60,0.45,0.63,0.45,0.60,0.37,0.53,0.75,0.47,0.50,0.63,0.37,0.43,0.60,0.25,,0.25,0.60,0.80,0.33,0.60,0.43,0.60,0.60,,0.55,0.65,0.60,0.60,0.40,0.65,0.65,0.50,0.30,0.40,0.55,0.70,0.95,0.65,0.45,0.40,0.45,1.05,,0.35,0.45,0.53,0.47,0.55,0.35,0.50,0.45,0.40,0.25,0.15,0.35,0.50,0.40,0.30,0.30,0.30,0.40,0.30,0.70,0.60,0.50,0.40,0.40,0.30,0.40,0.43,0.55,0.55,1.00,0.20,0.45,0.20,0.83,0.40,0.70,0.30,0.40,0.65,0.25,,0.45,0.80,0.45,0.58,0.40
20210920,18,AQI,23,23,39,19,23,43,34,31,19,24,27,35,46,29,29,21,32,30,56,28,36,36,34,24,29,33,37,35,33,30,32,28,28,28,55,63,40,28,31,54,24,29,52,27,30,58,12,29,23,20,39,32,36,30,15,17,35,21,33,26,28,32,36,21,44,43,33,33,37,42,36,35,31,62,39,43,65,33,22,24,36,21,24,22,35,31,26,26,28,30,25,27,24,20,30,23,16,26,32,28,17,15,19,28,43,24,29,18,28,41,28,34,38,39,15,22,21,21,22,25,26,67,18,29,35,30,35,49,45,37,31,33,38,31,33,28,35,28,29,27,14,46,40,41,34,42,46,33,37,42,36,38,41,40,39,44,46,31,55,60,24,21,24,21,20,19,27,,26,25,23,31,,38,33,38,36,33,35,36,34,36,39,32,37,,44,52,,33,38,22,36,32,37,35,33,35,47,24,33,33,36,29,29,42,19,24,21,19,18,17,14,19,24,25,28,27,32,24,24,24,37,21,31,19,33,33,33,27,32,29,33,32,33,31,36,34,35,38,41,20,23,62,36,35,34,27,19,23,42,27,29,45,37,37,34,37,30,36,36,33,24,43,32,37,33,35,34,35,38,38,34,29,28,33,36,29,31,30,50,24,29,24,21,30,27,27,23,34,40,37,38,40,40,32,46,31,39,30,,28,24,35,45,32,39,27,31,,36,37,37,26,13,17,27,41,17,21,27,21,22,27,34,35,41,38,,33,30,41,28,32,39,33,38,54,39,36,42,53,42,36,35,35,37,40,41,38,44,36,39,53,56,33,49,54,46,86,68,60,70,63,28,52,31,68,45,,37,33,19,28,37
20210920,18,PM2.5,1,2,13,12,5,11,8,11,9,5,12,15,14,8,3,5,12,16,23,14,7,12,12,8,9,8,12,13,15,11,18,12,11,14,39,28,20,8,13,32,12,20,20,19,5,28,6,4,5,11,11,11,8,14,6,4,13,9,10,14,8,7,19,7,13,10,6,6,7,12,14,9,10,14,13,15,16,12,7,8,25,7,9,7,3,3,6,9,9,12,6,4,5,12,11,6,6,9,13,17,9,5,12,5,14,11,20,10,6,10,10,17,25,22,5,10,6,5,4,13,6,27,10,8,11,6,13,18,10,13,9,10,12,7,5,4,11,8,8,13,6,12,8,18,9,10,12,14,10,8,13,10,9,10,8,7,14,8,10,18,17,5,11,10,12,12,7,,18,6,14,13,,9,11,12,21,14,6,16,10,11,12,11,26,,21,27,,10,7,9,17,9,18,13,10,16,12,17,12,8,8,19,6,14,7,8,6,5,10,9,5,7,13,13,11,7,21,11,14,10,13,8,11,12,12,9,20,14,8,5,9,6,15,6,11,8,6,16,16,9,7,29,9,5,5,3,10,7,8,15,17,21,15,12,9,13,11,10,15,5,7,13,17,13,8,11,4,3,7,16,13,7,8,9,11,7,4,13,35,11,14,11,5,18,8,15,12,8,7,15,8,13,9,10,16,9,7,10,,5,9,11,11,8,8,8,10,,5,7,12,6,7,4,18,29,8,5,5,10,11,12,7,6,,7,,4,6,13,8,12,18,10,6,14,15,12,16,10,7,7,5,8,14,8,6,8,27,2,7,13,15,11,20,13,9,23,17,11,35,44,4,5,3,15,18,,12,23,12,5,15
20210920,18,PM2.5_24h,7,6,9,11,5,6,11,16,15,12,7,8,6,16,13,31,7,18,14,25,26,23,23,13,12,25,23,25,25,24,23,17,20,33,20,20,28,25,26,18,11,25,29,23,12,22,16,14,5,9,11,9,9,10,6,6,7,5,6,11,9,5,21,8,14,15,9,10,7,9,18,19,14,25,12,13,18,16,16,9,26,13,19,11,3,3,5,9,11,4,7,5,7,14,8,5,10,16,10,7,15,12,11,8,8,15,18,13,6,3,9,10,42,11,13,15,19,8,18,24,11,18,11,25,28,13,14,9,11,15,12,10,11,8,10,3,12,16,7,16,7,13,11,18,12,14,16,14,10,15,11,9,10,8,7,7,14,19,17,31,12,4,10,10,7,10,6,,7,7,6,7,6,26,23,22,23,23,28,23,25,24,22,19,36,27,28,36,,9,7,21,9,14,18,15,8,12,26,19,17,17,13,15,11,19,25,17,21,32,25,27,13,14,9,15,12,12,16,19,12,17,18,9,10,14,18,17,14,18,15,20,24,11,15,8,10,16,22,18,26,21,15,17,21,13,21,12,11,18,18,19,27,18,22,8,14,11,11,6,12,14,9,19,21,12,6,14,8,6,6,17,14,9,13,16,9,18,6,18,17,15,16,18,6,15,9,20,15,10,12,12,13,12,15,14,10,9,7,14,,6,8,12,10,6,10,8,11,,4,8,19,8,9,12,12,21,9,8,9,12,10,14,7,14,8,24,,7,7,10,11,8,9,11,10,15,18,9,18,10,10,7,21,9,25,10,20,17,21,8,13,17,15,9,21,28,25,19,27,19,65,54,24,11,12,29,30,,17,19,8,9,10
20210920,18,PM10,3,3,26,9,11,21,16,14,6,9,12,13,34,23,22,9,25,30,61,25,19,25,29,18,24,21,27,26,18,20,32,27,15,28,59,76,40,20,28,57,24,24,54,14,16,66,12,19,11,20,39,17,15,29,15,13,35,21,33,26,28,18,36,21,27,18,21,17,19,42,26,22,24,73,21,18,79,33,15,20,7,11,24,18,12,12,17,11,19,21,15,23,7,18,18,11,13,26,32,28,17,14,14,23,31,24,24,10,16,23,17,31,28,33,7,19,4,18,3,25,26,84,18,20,22,13,35,45,41,31,27,33,21,17,8,11,13,18,29,26,14,25,17,30,16,24,34,21,22,19,36,38,41,40,39,44,46,31,60,69,24,10,24,17,17,19,17,,11,18,18,24,,16,26,24,36,26,15,24,18,15,25,28,35,,44,53,,14,36,22,33,27,36,32,22,32,47,24,33,32,18,29,4,42,5,24,8,2,17,17,14,19,24,25,28,27,32,24,24,24,37,21,31,9,23,20,33,27,16,9,13,19,33,5,25,17,9,38,41,14,23,74,35,9,15,12,19,15,20,27,29,41,33,28,28,29,30,28,18,12,19,22,24,19,14,14,12,16,20,38,21,11,11,13,25,19,9,28,40,24,20,19,13,30,18,22,21,16,15,24,18,21,23,28,27,18,13,20,,18,19,18,17,12,16,11,17,,16,37,13,11,12,13,24,28,15,8,11,15,22,22,9,15,9,23,,8,15,33,26,24,39,33,25,57,39,23,35,56,21,36,27,11,24,15,16,19,43,6,22,55,61,31,49,57,46,121,86,70,89,76,28,53,17,85,45,,32,26,19,24,37
20210920,18,PM10_24h,7,8,12,15,12,9,14,16,17,20,9,7,10,28,29,56,19,52,38,39,47,39,36,25,21,49,43,40,41,40,35,30,35,57,31,39,48,50,42,30,23,43,67,38,32,42,24,37,7,23,23,15,18,22,16,13,20,15,19,25,24,14,39,21,29,28,27,17,19,22,49,33,39,90,20,16,38,29,26,18,19,18,40,17,3,6,7,9,20,13,12,16,3,24,19,8,21,23,21,21,27,20,33,17,17,30,30,28,12,6,15,17,45,17,30,33,38,19,17,53,35,38,17,43,44,27,23,19,22,25,20,22,20,16,13,9,17,26,19,29,15,28,23,24,17,25,39,25,18,20,24,26,27,23,22,34,39,53,68,105,18,6,20,23,13,16,14,,13,12,21,15,19,44,46,37,44,39,41,38,38,37,41,37,58,58,45,53,,13,24,36,20,27,27,22,19,40,92,28,40,50,22,25,29,38,44,34,41,40,55,44,31,38,20,23,28,34,31,41,22,36,25,15,25,17,32,30,22,34,30,32,42,15,29,22,20,27,36,32,41,35,27,36,41,19,37,22,28,35,35,36,46,29,33,8,23,20,24,14,15,28,20,21,37,15,11,26,17,9,21,29,22,16,23,23,17,27,13,45,31,32,40,34,10,30,19,37,33,20,23,26,26,22,28,31,19,18,15,25,,24,14,25,16,16,17,15,18,,15,15,22,15,11,16,15,21,12,15,14,23,17,31,15,32,22,50,,19,18,24,26,19,25,29,28,60,41,24,49,32,31,36,38,26,36,14,26,27,39,22,29,51,42,22,77,111,85,98,92,84,177,182,81,62,41,87,90,,40,56,17,18,22
20210920,18,SO2,3,6,6,3,4,8,5,5,10,2,4,7,12,5,6,8,7,5,9,6,4,6,6,6,6,8,6,6,5,5,4,4,5,6,7,4,9,6,6,5,6,4,4,6,5,5,3,4,6,5,5,6,5,7,6,5,7,3,5,6,6,8,6,3,8,6,5,7,7,6,9,6,5,7,9,14,5,8,4,7,7,28,5,4,6,6,9,5,10,5,4,5,5,5,4,9,11,7,6,9,5,7,5,7,7,7,4,8,7,5,9,9,9,9,7,6,10,8,9,8,5,6,6,9,10,8,4,6,6,6,4,8,9,6,8,9,2,13,6,11,4,8,8,18,10,4,5,3,5,6,7,3,4,4,5,3,18,10,6,5,11,5,4,5,3,8,8,,7,5,4,4,,8,10,8,9,10,5,11,9,5,9,11,5,,5,7,,6,8,5,5,6,8,4,10,6,13,3,4,5,14,2,10,6,7,12,4,7,7,17,11,11,4,8,7,7,9,5,5,11,10,4,6,4,8,5,7,12,4,8,7,6,4,5,2,10,5,7,6,9,5,10,17,8,5,4,15,8,9,5,9,10,7,6,7,6,9,8,8,10,6,8,5,3,4,7,7,6,8,9,9,2,4,6,5,4,4,11,24,7,4,4,6,7,7,10,7,6,10,11,6,14,5,7,10,5,5,10,,9,11,5,7,2,8,6,4,,4,8,7,6,8,5,5,9,8,8,5,4,4,9,9,6,3,9,,7,10,8,6,6,7,21,10,5,6,3,5,9,6,11,5,6,6,5,4,9,8,8,14,5,9,5,6,8,14,9,8,4,6,3,7,10,3,6,13,,10,3,3,7,7
20210920,18,SO2_24h,3,6,4,4,4,7,5,5,9,2,4,7,5,10,8,11,6,5,9,6,4,5,6,6,6,10,5,7,6,6,4,4,5,6,7,5,7,9,7,5,6,4,5,6,5,5,7,9,6,5,5,6,5,6,6,5,7,3,5,6,6,7,8,3,10,6,6,8,8,5,11,15,7,11,8,7,14,7,6,7,8,16,11,4,4,6,6,5,8,5,4,5,5,4,4,8,9,8,8,11,6,7,6,6,7,6,7,13,7,4,10,9,9,8,12,6,12,9,11,17,5,5,5,9,7,8,4,8,6,7,6,7,7,7,8,7,2,18,7,10,4,8,8,18,9,5,6,4,5,7,7,4,4,7,6,3,9,14,7,5,8,5,3,5,4,8,8,,6,5,4,4,6,9,10,8,8,9,6,9,9,6,9,9,6,2,6,6,,6,8,7,5,10,9,5,11,10,36,3,4,8,16,2,12,6,11,14,7,9,9,12,15,11,4,7,7,7,9,5,6,9,6,6,9,6,6,5,6,10,8,8,7,7,3,5,3,6,6,7,7,5,7,5,13,11,29,5,11,10,9,6,13,12,7,5,9,6,9,7,7,10,6,7,8,2,5,8,7,5,8,11,9,2,15,7,4,7,4,14,10,8,5,18,6,10,8,25,11,7,9,9,8,10,5,6,7,5,6,11,,8,9,6,8,2,7,8,5,,4,7,16,7,8,6,17,11,7,8,6,6,4,10,9,6,4,9,,8,10,9,8,8,7,47,9,5,10,4,7,9,6,12,5,7,12,6,8,12,10,8,14,10,10,5,8,13,19,11,7,4,6,7,9,12,4,10,15,,13,5,14,6,7
20210920,18,NO2,9,13,14,17,9,10,18,9,15,17,13,13,20,16,18,12,12,30,42,29,11,14,35,15,16,13,14,19,17,17,13,15,9,20,26,20,23,26,17,17,22,23,15,10,17,17,12,8,14,20,18,16,10,29,22,11,27,9,20,31,28,15,16,4,20,8,9,11,9,15,14,20,13,13,11,17,9,19,19,8,18,13,14,17,12,13,11,11,15,16,14,11,12,19,8,12,10,11,11,7,8,5,13,5,13,13,12,6,7,14,14,9,14,26,11,16,11,7,9,23,23,42,21,27,17,23,10,14,21,13,14,16,15,12,10,10,8,7,8,8,4,15,12,15,12,10,11,10,8,10,14,11,25,15,22,5,9,15,7,6,19,19,15,11,19,20,13,,17,14,10,6,,21,25,16,30,26,11,32,24,14,10,38,24,,21,14,,8,9,9,20,13,10,13,14,9,15,14,22,10,6,25,9,6,11,13,11,10,16,12,18,15,24,17,14,34,36,24,16,47,29,31,15,10,9,9,18,26,9,6,9,10,10,9,11,12,13,13,16,5,7,24,13,8,6,15,13,6,9,8,15,16,15,16,15,12,13,16,9,9,12,14,6,8,8,5,7,6,3,13,9,5,6,10,7,9,3,11,25,7,9,5,4,8,7,4,5,8,8,10,9,11,9,15,12,11,7,5,,8,12,7,6,15,7,5,15,,3,8,5,5,9,7,7,5,10,6,8,10,12,7,2,13,3,10,,4,6,9,25,9,10,19,10,12,10,9,8,12,8,25,9,6,11,4,7,2,10,1,9,8,9,15,13,17,4,5,6,4,12,11,11,5,4,13,6,,13,4,9,20,9
20210920,18,NO2_24h,11,12,11,20,11,10,13,13,21,16,9,14,10,24,22,31,9,31,26,17,14,14,19,12,12,19,15,20,20,17,12,9,13,26,15,20,17,25,18,10,14,18,26,11,16,15,15,13,19,9,18,15,10,23,14,9,19,11,15,21,13,16,20,14,27,29,20,15,16,14,42,33,22,37,14,14,24,17,22,11,18,18,21,14,9,11,7,17,15,12,9,12,13,9,9,7,14,10,9,8,12,6,14,9,16,11,11,13,10,12,14,12,28,28,24,18,24,16,15,32,23,17,15,20,16,16,12,14,18,16,21,22,14,10,10,9,9,11,8,13,6,24,23,23,18,20,26,13,13,16,16,11,21,16,21,9,11,27,18,35,15,23,9,6,14,10,11,,12,8,7,6,5,20,20,20,21,19,11,25,19,13,15,22,24,25,18,18,,10,7,13,15,27,23,10,17,31,39,13,22,17,17,14,10,9,22,24,26,15,35,23,22,23,15,13,15,24,15,14,10,24,21,14,18,13,6,10,11,18,15,8,12,8,7,10,6,13,17,10,20,13,10,11,13,12,15,13,12,9,12,11,15,17,20,9,18,13,14,11,8,14,13,13,12,8,8,9,8,8,4,12,9,6,10,8,10,14,5,24,11,14,20,13,4,13,11,12,13,19,15,26,23,28,13,27,17,14,22,7,,24,9,21,6,10,12,14,14,,5,7,11,8,8,9,12,8,8,9,10,13,10,12,5,19,14,21,,13,8,12,25,9,10,25,18,35,25,25,21,10,26,23,19,17,33,8,5,16,17,13,11,21,21,18,26,47,35,22,25,13,39,33,30,10,11,43,32,,27,14,9,15,12
20210920,18,O3,72,75,124,60,73,136,109,98,61,76,86,112,148,92,93,68,103,24,14,89,116,116,110,77,94,106,118,113,105,96,90,90,90,86,108,91,95,88,99,112,50,35,67,46,97,118,36,92,75,57,119,103,116,95,41,53,106,66,88,82,49,103,116,38,140,136,105,104,119,114,115,111,98,98,125,138,100,106,69,78,64,68,44,70,111,99,83,84,88,95,80,86,76,63,95,75,52,49,68,77,51,47,60,90,138,54,44,58,88,130,91,108,121,125,49,71,68,68,70,46,42,6,42,93,112,95,106,156,144,118,100,106,121,100,106,89,113,91,75,85,37,147,127,130,110,133,147,104,119,133,97,102,70,93,115,122,122,98,84,101,66,67,53,67,63,49,85,,74,80,73,99,,121,105,121,109,106,113,114,109,114,125,102,66,,54,92,,106,121,62,116,102,118,113,107,112,97,37,55,104,115,37,93,123,61,54,68,60,56,52,32,41,32,46,49,32,32,53,43,21,39,41,50,62,107,106,95,74,102,92,104,101,100,99,116,108,111,75,57,65,56,132,114,111,110,86,53,75,133,78,61,145,118,117,109,119,94,116,114,107,77,136,102,117,104,113,108,113,122,121,108,92,90,105,116,92,98,97,56,60,94,78,66,60,86,85,73,109,127,119,123,128,129,101,147,100,124,95,,91,77,113,145,101,125,85,98,,114,69,117,82,42,55,86,52,55,67,86,68,60,85,109,112,131,120,,107,97,131,89,102,101,92,122,115,126,116,133,101,135,70,111,112,119,129,131,120,140,114,126,115,116,107,128,130,98,79,118,114,117,136,75,67,98,84,99,,117,89,43,89,94
20210920,18,O3_24h,79,90,132,88,103,152,122,105,79,91,99,119,165,198,120,80,110,55,49,176,207,147,136,127,156,182,157,186,178,187,160,127,161,165,128,174,135,172,182,121,118,133,91,119,115,133,98,110,83,114,137,110,130,121,64,75,118,99,91,84,88,106,146,44,148,157,106,127,120,124,138,119,104,156,136,149,120,120,106,90,95,91,138,96,113,109,91,87,123,98,99,87,88,125,98,95,92,106,92,86,109,100,82,103,149,126,102,77,88,133,119,121,147,141,60,80,84,76,86,73,64,43,66,180,187,155,113,156,152,142,112,118,126,113,112,102,123,96,91,113,40,169,128,133,118,136,202,122,140,135,108,115,113,106,132,122,123,119,106,122,102,80,95,127,107,100,95,,87,99,91,99,88,161,171,134,113,171,201,188,182,211,181,168,122,56,120,143,,110,134,110,127,112,172,121,128,115,148,65,75,119,127,60,142,129,83,72,74,86,93,68,33,44,48,54,60,58,88,76,67,67,73,74,56,70,139,133,136,104,111,100,176,109,145,114,123,116,180,165,124,128,85,153,119,126,111,95,88,89,133,81,96,162,142,127,123,123,114,125,119,124,91,139,121,127,107,131,112,117,131,125,109,98,111,107,123,97,122,102,87,79,102,90,67,77,99,110,82,118,134,141,126,136,136,133,147,101,140,121,,93,92,122,145,110,126,99,106,,115,83,119,82,52,55,103,101,78,69,95,69,60,107,119,114,132,121,,124,104,137,121,105,113,105,124,119,126,121,133,102,144,105,123,118,126,129,131,126,165,120,130,121,121,115,145,138,141,113,122,116,121,137,140,68,98,132,151,,123,104,44,109,103
20210920,18,O3_8h,71,82,114,60,79,130,110,95,71,80,89,108,128,124,105,65,94,11,35,134,100,104,96,66,86,89,95,94,90,80,79,75,76,115,115,135,114,83,123,116,61,97,78,87,98,117,66,88,73,70,121,96,107,79,46,52,83,63,71,64,59,84,114,37,117,132,101,103,102,105,113,95,87,93,111,122,100,111,62,71,74,71,99,64,97,89,78,75,82,88,71,74,76,53,84,70,66,57,76,69,69,48,70,70,95,94,81,64,79,118,106,112,109,115,45,60,67,67,75,47,57,28,59,94,103,109,103,131,126,122,104,103,102,95,99,87,111,87,74,90,37,135,102,96,98,118,157,104,103,116,93,99,86,93,114,115,118,96,83,88,64,70,74,67,72,81,75,,77,78,74,84,,118,121,111,93,127,100,91,81,95,92,109,71,,91,120,,95,118,88,117,105,134,107,117,92,114,33,62,104,121,51,111,118,57,54,55,63,37,38,26,31,39,47,53,48,61,70,52,49,58,66,50,64,106,104,91,75,91,81,99,99,96,104,105,97,101,116,98,103,63,128,103,101,94,80,67,69,106,71,82,130,120,109,112,116,100,114,105,98,78,104,97,106,96,109,100,101,102,103,93,90,74,90,100,76,103,86,69,66,79,74,63,67,84,92,74,87,117,121,109,119,124,99,105,79,123,90,,80,86,105,117,91,109,84,87,,91,64,105,74,42,43,90,79,65,44,81,52,48,92,95,99,113,108,,92,80,106,103,89,107,81,95,103,110,114,124,93,118,87,103,106,102,122,117,111,131,104,115,106,104,108,113,115,87,68,89,104,90,103,73,56,86,84,87,,104,89,36,98,84
20210920,18,O3_8h_24h,73,83,114,83,99,130,110,96,76,81,92,108,128,124,105,66,102,22,38,135,131,104,98,121,86,120,95,96,107,83,95,111,138,118,116,136,114,83,124,109,89,107,78,93,98,117,73,88,75,97,121,96,107,79,46,52,83,63,71,64,60,84,114,37,114,132,92,103,102,105,113,95,87,97,111,122,100,111,69,81,78,75,104,88,97,89,80,75,82,88,93,74,76,126,92,85,66,76,76,69,71,48,70,70,95,96,85,64,79,118,107,114,109,115,59,62,67,68,77,47,57,33,59,108,146,109,103,131,126,122,104,103,102,95,99,87,111,87,74,90,37,135,102,96,98,118,157,104,103,116,93,99,86,93,114,115,118,96,94,88,88,70,83,114,96,87,85,,79,95,89,88,90,118,121,111,93,127,113,108,83,96,97,109,72,50,94,122,,95,118,91,117,106,134,107,117,92,115,54,62,104,121,52,111,118,57,54,55,73,37,38,26,31,40,47,53,49,62,71,52,50,58,68,50,64,106,104,91,93,91,81,142,99,96,104,105,98,101,123,99,106,77,128,103,101,94,80,68,69,106,71,85,130,120,109,112,116,100,114,105,98,78,104,97,106,96,109,100,101,102,103,93,90,110,90,100,76,103,86,69,67,79,74,63,67,84,92,74,87,117,121,109,119,124,99,105,79,123,90,,80,80,105,117,91,109,84,87,,91,64,105,74,42,43,90,79,65,44,81,52,48,93,95,99,113,108,,92,80,106,103,89,107,81,95,103,110,114,124,93,118,87,103,106,102,122,117,111,131,104,115,106,104,108,113,115,87,68,89,104,90,103,73,56,86,84,87,,104,89,36,99,84
20210920,18,CO,0.44,0.60,0.29,0.44,0.28,0.75,0.29,0.22,0.47,0.38,0.35,0.45,1.00,0.34,0.36,0.44,0.93,0.62,0.73,0.88,0.65,0.84,0.77,0.80,0.56,0.50,0.87,0.73,0.80,0.57,0.56,0.85,0.57,0.78,0.72,0.48,0.85,0.77,0.85,0.53,0.47,0.47,0.60,0.40,0.57,0.72,0.26,0.58,0.54,0.80,0.43,0.81,0.68,0.70,0.52,0.52,0.50,0.43,0.55,0.55,0.59,0.46,0.61,0.36,0.56,0.46,0.36,0.44,0.23,0.35,0.48,0.50,0.45,0.42,0.82,1.00,0.35,0.50,0.94,0.47,0.67,0.90,0.45,0.53,0.54,0.40,0.73,0.44,0.32,0.56,0.57,0.53,0.42,1.08,0.68,0.48,0.60,0.49,0.47,0.64,0.50,0.50,0.75,0.43,0.47,0.90,0.66,0.55,0.40,0.60,0.41,0.68,0.80,0.77,0.30,0.67,0.44,0.50,0.58,0.67,0.48,0.57,0.43,0.78,0.80,0.59,0.42,0.74,0.60,0.72,0.52,0.38,0.58,0.90,1.08,0.75,0.37,0.50,0.63,0.69,0.30,0.60,0.54,0.98,0.63,0.33,0.47,0.42,0.40,0.40,0.52,0.40,0.50,0.24,0.37,0.35,0.67,0.42,0.28,0.27,0.60,0.40,1.00,0.95,0.90,1.00,0.55,,0.65,1.05,0.85,0.70,,0.70,0.95,0.90,0.80,1.20,0.95,0.97,1.10,0.75,0.85,1.00,0.80,,0.50,0.55,,0.43,0.53,0.30,0.62,0.47,0.30,0.46,0.63,0.30,0.42,0.13,0.35,0.20,0.25,0.37,0.25,0.35,0.44,0.43,0.32,0.50,0.38,0.80,0.65,0.55,0.55,0.50,0.50,0.35,0.63,0.33,0.58,0.80,0.53,0.70,0.40,0.45,0.63,0.48,0.80,1.25,0.68,0.53,0.50,0.70,0.37,0.75,0.60,0.90,0.57,0.40,0.77,0.33,0.37,1.50,0.75,0.70,0.53,0.77,0.92,0.60,0.97,0.73,0.70,0.56,0.50,0.68,0.57,0.70,0.52,0.63,0.53,1.20,0.53,0.72,0.87,0.62,1.15,0.77,0.53,0.60,0.50,0.74,0.43,0.88,0.47,0.53,0.88,0.63,0.75,0.72,0.80,0.55,0.50,0.45,0.53,0.60,0.55,0.53,0.40,0.57,0.23,0.38,0.50,0.37,0.35,0.53,0.43,0.43,0.45,0.30,,0.15,0.70,0.37,0.30,0.50,0.33,0.50,0.65,,0.50,0.60,0.40,0.50,0.35,0.55,0.60,0.33,0.35,0.40,0.45,0.60,0.95,0.50,0.35,0.35,0.35,0.65,,0.25,0.40,0.50,0.40,0.30,0.20,0.20,0.40,0.20,0.15,,0.30,0.45,0.25,0.30,0.10,0.30,0.20,0.30,0.50,0.60,0.30,0.30,0.40,0.25,0.35,0.33,0.40,0.40,0.70,0.20,0.25,0.20,0.43,0.15,0.40,0.20,0.30,0.45,0.10,,0.35,0.90,0.45,0.45,0.33
20210920,18,CO_24h,0.56,0.90,0.36,0.82,0.36,0.80,0.38,0.22,0.55,0.63,0.42,0.65,0.48,0.56,0.53,1.22,0.57,0.56,0.65,0.66,0.78,0.64,0.61,0.69,0.66,0.48,0.64,0.70,0.85,0.70,0.55,0.68,0.75,0.67,0.60,0.48,0.63,0.67,0.73,0.43,0.53,0.57,0.60,0.40,0.70,0.65,0.34,0.63,0.72,0.45,0.71,0.87,0.72,0.67,0.49,0.63,0.47,0.45,0.42,0.52,0.50,0.42,0.66,0.48,0.69,0.66,0.52,0.48,0.32,0.39,0.77,1.23,0.57,0.63,0.87,0.75,0.78,0.56,1.00,0.45,0.97,0.85,0.53,0.57,0.65,0.60,0.68,0.69,0.43,0.20,0.55,0.67,0.65,0.62,0.34,0.58,0.54,0.56,0.45,0.56,0.53,0.53,0.70,0.50,0.47,0.75,0.70,0.55,0.50,0.53,0.54,0.68,1.44,0.65,0.40,0.97,0.78,0.57,0.84,0.93,0.52,0.33,0.42,0.78,0.95,0.60,0.68,1.10,0.87,0.72,0.70,0.60,0.70,0.83,1.06,0.83,0.53,0.56,0.57,0.83,0.30,0.67,0.68,1.14,0.68,0.47,0.57,0.52,0.45,0.55,0.47,0.37,0.50,0.33,0.47,0.40,0.43,0.78,0.42,0.47,0.60,0.60,0.70,0.60,0.40,0.50,0.40,,0.45,0.80,0.50,0.40,0.60,0.55,0.75,0.80,0.55,0.80,0.90,0.87,0.90,0.80,0.75,0.50,0.70,0.70,0.50,0.65,,0.63,0.80,0.40,0.60,0.55,0.72,0.60,0.63,0.50,1.10,0.13,0.40,0.50,0.30,0.30,0.10,0.30,0.66,0.97,0.57,0.62,0.58,1.05,1.10,0.70,0.45,0.40,0.43,0.38,0.63,0.67,0.87,0.57,0.70,0.55,0.20,0.50,0.65,0.65,0.72,0.75,0.60,0.47,0.63,0.80,0.47,0.80,0.70,0.80,0.63,0.47,1.00,0.47,0.40,0.70,0.60,0.80,0.95,0.60,0.86,0.63,0.80,0.63,0.53,1.38,0.92,0.55,0.88,0.92,0.80,0.67,0.73,1.20,0.73,0.83,1.00,0.74,1.15,0.77,0.57,0.77,0.73,0.78,0.47,0.95,0.47,0.53,0.93,0.93,0.60,0.78,0.63,0.68,0.63,0.58,0.53,0.60,0.45,0.63,0.45,0.57,0.37,0.53,0.75,0.47,0.50,0.63,0.37,0.43,0.60,0.25,,0.20,0.60,0.80,0.33,0.60,0.43,0.60,0.60,,0.55,0.65,0.60,0.60,0.40,0.65,0.60,0.50,0.30,0.40,0.55,0.70,0.95,0.65,0.45,0.40,0.45,1.10,,0.35,0.45,0.53,0.47,0.50,0.35,0.50,0.45,0.40,0.25,0.10,0.35,0.50,0.40,0.30,0.30,0.30,0.40,0.30,0.70,0.60,0.50,0.40,0.40,0.30,0.40,0.43,0.55,0.55,1.00,0.20,0.45,0.20,0.80,0.35,0.70,0.30,0.40,0.65,0.25,,0.45,0.80,0.45,0.58,0.37
20210920,19,AQI,20,21,34,19,22,39,28,27,18,22,20,30,40,32,23,19,32,17,60,27,33,36,36,24,28,29,32,31,28,26,30,32,26,25,55,29,39,29,32,37,23,29,49,41,26,57,10,27,23,18,40,32,32,30,19,15,37,18,34,32,29,30,37,25,36,38,28,31,36,43,56,28,29,65,36,41,66,41,26,24,33,20,26,21,30,28,26,24,23,23,22,24,22,20,31,24,17,22,33,35,19,14,40,24,49,31,31,14,26,38,26,32,39,41,16,28,19,22,23,24,35,58,24,25,29,27,42,49,52,42,32,45,33,27,31,26,28,25,20,24,14,38,37,38,32,36,42,29,31,37,42,51,51,41,46,49,42,38,58,67,26,21,22,20,18,19,25,,24,24,26,29,,38,32,37,39,32,35,35,33,32,37,33,31,,38,56,,30,36,25,41,33,34,41,30,32,53,24,61,33,32,27,28,37,21,21,20,21,18,17,16,19,26,28,26,38,43,40,26,34,42,35,29,18,27,30,44,29,29,29,31,29,31,28,30,32,33,31,21,18,36,65,35,31,33,25,22,22,38,25,28,51,30,36,34,33,36,47,32,28,19,38,30,34,29,32,27,30,27,35,30,26,26,29,30,26,25,33,53,24,28,23,18,30,21,28,23,29,34,38,36,34,38,24,41,36,37,29,,25,23,32,39,24,29,25,25,,32,48,33,26,16,14,26,34,22,19,45,16,32,25,29,33,40,38,,34,30,38,41,28,52,37,34,52,38,24,44,35,38,52,29,33,31,39,37,36,45,30,38,61,62,38,54,59,43,86,63,66,71,76,36,64,30,63,55,,59,25,22,37,43
20210920,19,PM2.5,2,2,15,10,7,17,10,12,9,8,12,14,19,8,4,5,12,12,29,14,7,13,18,8,11,8,14,15,16,13,18,15,10,14,38,9,19,8,13,19,12,20,19,13,5,27,6,6,7,9,12,10,9,15,9,5,14,8,11,16,9,13,20,8,18,11,6,9,5,14,21,14,11,13,13,18,11,19,5,8,23,7,10,7,5,4,8,10,7,13,6,5,7,14,17,8,6,8,15,16,8,5,13,6,24,22,22,9,6,14,10,18,23,29,6,4,6,7,3,12,6,29,13,9,11,8,14,17,13,16,11,13,13,7,8,5,11,10,9,12,6,13,10,20,13,12,12,13,13,10,16,11,12,10,11,6,16,9,12,20,11,7,11,11,9,10,7,,13,7,17,18,,9,15,21,19,18,7,17,14,16,12,16,20,,17,35,,12,8,9,14,15,19,11,12,16,16,17,20,7,9,18,6,12,6,7,6,4,8,6,7,11,18,14,11,12,24,11,15,15,17,15,12,6,13,7,24,11,10,3,8,6,15,3,11,9,7,14,15,8,7,33,13,10,7,6,9,9,10,15,16,23,11,17,13,13,12,13,19,8,8,14,14,13,8,11,3,7,9,18,15,6,7,10,14,7,5,15,15,14,15,14,6,12,9,18,13,10,10,19,9,13,10,10,15,18,7,19,,8,12,14,13,7,14,8,13,,5,15,13,9,11,9,18,24,14,4,5,11,17,16,4,6,2,6,,2,6,16,12,14,28,12,9,15,18,11,17,12,11,11,8,8,12,13,7,8,27,3,12,16,19,14,20,19,8,25,17,8,33,56,4,4,,13,18,,18,10,15,12,16
20210920,19,PM2.5_24h,7,5,9,11,5,6,11,15,14,12,8,9,7,16,13,29,7,18,14,24,24,22,23,13,11,24,23,24,24,23,22,17,19,32,20,19,27,24,26,17,11,25,29,22,10,22,15,13,5,9,11,8,9,10,6,6,8,5,7,12,9,5,21,8,14,15,9,10,7,9,18,19,14,24,12,12,18,16,16,9,25,13,19,11,3,3,5,9,10,4,6,4,7,15,9,5,10,16,10,8,14,12,11,8,8,15,19,13,6,3,9,10,42,12,13,13,18,8,16,23,11,18,11,24,27,12,14,9,11,15,12,10,12,8,9,3,12,15,7,15,7,14,12,18,13,14,16,14,10,15,11,9,10,8,8,7,14,19,16,31,11,4,10,11,7,10,6,,7,7,7,8,6,25,22,22,22,22,26,23,24,23,21,19,35,27,28,35,,9,7,20,9,14,19,15,9,13,26,19,16,17,13,15,10,19,24,16,19,31,24,26,13,14,9,15,12,12,16,18,12,17,18,9,10,14,17,16,14,17,14,19,23,10,14,7,9,15,21,18,26,20,14,18,20,13,20,11,11,17,17,19,27,19,23,8,14,11,12,6,12,13,9,20,19,12,6,14,6,6,6,16,13,8,12,16,9,18,6,18,17,15,16,18,6,15,8,20,15,10,12,13,13,12,15,14,10,10,7,14,,6,8,12,11,6,10,8,12,,5,8,19,8,10,12,13,21,9,7,9,12,10,15,7,14,8,24,,7,7,10,11,9,10,11,9,15,18,8,18,10,10,7,20,9,24,10,20,17,21,8,13,17,15,9,22,29,24,19,27,19,64,55,23,11,12,27,30,,17,18,9,9,10
20210920,19,PM10,7,3,30,8,10,29,21,12,7,15,20,16,38,28,19,10,24,16,70,27,18,26,31,18,28,22,28,30,19,24,30,32,18,25,59,29,39,15,27,37,23,24,49,41,17,63,10,19,13,18,40,15,15,30,19,14,37,15,34,32,29,26,37,25,35,22,21,23,16,43,62,28,29,79,18,25,81,41,11,20,8,9,26,14,16,15,13,12,16,20,16,24,14,20,17,11,17,22,33,35,19,4,40,17,49,26,28,11,21,34,19,32,39,41,7,14,6,20,3,24,35,65,24,25,24,15,42,49,53,42,32,45,21,20,8,15,24,20,20,22,14,28,21,36,18,22,33,24,25,24,42,51,51,41,46,49,42,38,65,83,26,15,22,16,14,19,17,,12,16,19,24,,18,28,37,39,32,16,27,25,21,25,33,31,,38,62,,17,36,25,41,33,34,41,30,20,55,22,72,33,18,27,5,37,5,19,4,4,18,17,16,19,21,28,26,38,43,40,26,34,42,35,29,10,24,20,44,29,20,11,14,23,31,8,28,18,11,31,19,9,36,79,24,19,18,17,22,15,23,25,28,51,30,34,34,33,36,47,19,14,19,26,19,20,13,14,17,22,23,32,22,14,14,16,26,16,12,33,56,24,24,18,18,30,21,23,17,17,19,38,19,28,29,24,26,36,13,29,,13,23,24,20,14,26,11,22,,15,48,20,16,14,11,21,19,22,13,45,15,32,23,15,11,8,26,,9,19,38,41,28,53,37,34,54,38,23,44,35,26,54,23,24,28,17,19,25,45,8,29,71,74,38,58,68,43,122,75,81,92,81,36,77,17,76,60,,68,22,22,37,43
20210920,19,PM10_24h,6,8,13,14,11,10,14,14,15,19,9,7,11,29,28,52,19,50,39,38,45,39,35,25,19,46,41,39,39,37,33,30,33,55,31,39,46,48,42,30,23,43,67,38,30,43,24,35,7,23,24,13,17,23,16,13,20,15,19,26,24,14,39,21,29,29,28,18,19,23,51,33,39,90,19,16,40,29,26,18,17,18,39,17,4,6,7,9,19,13,12,15,4,23,19,8,21,22,22,22,26,19,33,17,18,31,30,27,12,7,16,18,46,18,28,30,36,18,15,51,35,38,18,41,42,24,24,21,24,26,21,23,20,16,12,8,17,25,19,29,15,28,23,25,17,25,39,25,19,21,25,27,29,24,23,35,40,53,69,106,18,6,20,23,13,15,14,,13,11,21,15,19,43,45,37,43,39,39,38,37,35,39,37,56,58,45,53,,13,26,35,21,27,28,23,20,41,92,27,41,49,21,25,28,38,41,30,38,38,53,43,31,38,20,23,28,35,30,41,22,38,26,15,24,17,29,27,21,33,28,31,39,13,27,20,20,25,34,33,41,33,27,38,40,19,36,21,28,34,34,35,45,31,34,9,24,21,26,16,15,25,20,21,34,15,10,23,15,10,21,29,21,15,23,21,17,26,14,46,31,32,40,34,9,30,19,36,31,20,23,27,26,22,29,31,20,19,15,25,,24,14,25,16,16,18,15,19,,15,16,22,15,11,16,15,21,12,14,15,23,18,31,15,32,21,50,,19,18,23,27,20,27,30,28,61,41,23,49,32,31,37,37,26,36,14,26,27,40,22,29,51,44,23,77,112,84,101,92,84,176,181,79,64,41,87,89,,42,51,18,18,23
20210920,19,SO2,3,6,6,3,5,10,5,5,10,2,4,7,9,5,6,8,6,5,9,6,4,6,7,6,6,8,5,6,5,5,4,4,5,6,9,4,9,6,6,4,6,4,4,6,5,5,4,4,7,5,5,6,5,7,6,5,7,3,5,6,6,9,6,4,8,6,5,8,7,5,9,6,5,7,6,15,5,9,4,8,7,22,5,4,5,6,9,6,11,5,4,5,5,5,4,8,10,7,7,9,5,7,6,6,7,11,4,9,7,6,10,9,9,12,7,6,9,10,8,8,5,7,6,10,12,10,4,6,6,7,4,7,9,6,9,9,2,17,6,11,3,8,8,24,11,5,5,2,5,8,8,3,4,4,6,3,21,8,6,5,12,5,4,5,3,8,8,,7,5,4,4,,8,11,8,9,9,5,19,10,6,8,12,5,,5,7,,6,8,5,5,7,6,4,11,6,13,3,5,6,16,3,10,6,7,11,3,7,7,8,11,10,3,8,7,7,9,4,5,9,15,6,5,5,7,5,6,9,5,7,6,6,4,5,2,9,5,6,9,15,4,7,16,10,5,4,9,10,11,6,15,11,7,6,8,6,9,8,8,11,7,8,5,3,5,6,7,6,8,7,9,2,6,7,4,3,4,10,16,9,4,5,6,9,8,8,8,3,10,9,6,13,5,6,10,6,4,11,,8,12,5,7,2,7,5,4,,3,7,9,6,8,6,5,8,7,8,5,4,5,9,9,6,4,9,,7,10,7,5,6,7,8,9,5,6,4,5,10,6,11,5,6,8,5,5,10,8,9,13,5,12,5,6,8,16,9,7,3,7,2,7,11,3,6,10,,11,4,12,7,7
20210920,19,SO2_24h,3,6,4,4,4,7,5,5,9,2,4,7,5,10,8,11,6,5,9,6,4,5,6,6,6,10,5,6,6,6,4,4,5,6,7,4,7,9,7,4,6,4,5,6,5,5,7,9,6,5,5,6,5,6,6,5,7,3,5,6,6,7,8,3,10,6,6,8,8,5,11,15,7,11,8,8,14,7,6,7,8,17,11,4,4,6,7,6,8,5,4,5,5,4,4,8,10,8,8,11,6,7,6,6,7,6,7,13,7,4,10,9,9,8,12,6,12,9,10,17,5,6,5,9,8,8,4,8,6,7,6,7,7,7,8,7,2,19,7,11,4,8,8,19,9,5,6,4,5,7,7,4,4,7,5,3,9,14,7,5,9,5,3,5,4,8,8,,6,5,4,4,6,9,10,8,8,9,5,10,9,6,9,9,6,2,6,6,,6,8,7,5,10,9,5,11,10,36,3,4,8,16,2,12,6,10,14,7,8,9,11,15,11,4,7,7,7,9,5,6,9,6,6,8,5,6,5,6,10,8,8,7,7,3,5,3,6,6,7,7,6,7,5,13,11,28,5,11,10,9,6,13,12,7,5,9,6,9,7,7,10,6,7,8,2,5,8,7,5,7,11,9,2,14,7,4,6,4,14,10,8,5,17,6,11,8,25,11,7,9,9,8,10,5,6,7,5,6,11,,8,9,6,8,2,7,8,5,,4,7,16,7,8,6,17,11,7,8,6,6,4,10,9,6,4,9,,8,10,9,8,8,7,47,9,5,9,4,7,9,6,12,5,7,12,6,8,12,10,8,14,10,10,5,8,14,18,11,7,4,6,7,9,12,4,10,15,,13,5,14,6,7
20210920,19,NO2,12,16,18,16,9,15,25,12,17,20,24,19,26,14,25,12,12,22,46,29,15,14,32,15,21,18,17,25,19,24,14,17,13,18,29,15,24,24,17,9,21,24,20,11,23,18,17,10,16,21,28,18,11,33,30,14,30,11,19,38,31,20,17,7,31,13,16,14,11,31,51,37,17,16,15,20,16,16,11,7,20,12,16,16,18,18,10,14,21,17,15,21,15,20,8,13,11,12,12,8,9,5,20,4,27,21,16,10,8,18,16,15,21,40,9,7,11,8,7,21,35,36,26,33,23,23,15,16,38,23,19,27,19,15,9,13,14,9,8,10,5,22,18,24,19,14,17,14,15,15,23,7,41,26,28,8,15,26,7,9,21,16,17,13,22,19,14,,16,13,8,7,,22,28,18,37,31,13,27,26,17,14,40,23,,17,19,,11,15,8,23,12,12,18,42,13,25,14,45,15,12,23,9,8,10,10,12,8,13,10,24,13,23,16,13,38,36,26,16,33,33,43,14,12,15,13,33,25,15,5,11,14,17,15,19,12,15,11,17,8,5,26,14,11,8,16,14,7,14,10,17,21,18,20,21,18,19,28,12,14,24,17,10,12,10,8,15,12,9,15,15,7,8,12,11,12,6,20,33,15,16,8,8,13,12,7,6,14,18,18,13,27,13,47,19,38,11,14,,17,20,12,10,20,15,6,21,,3,13,7,6,9,11,8,6,12,9,20,13,22,7,14,16,3,10,,3,6,22,57,18,26,32,21,26,14,35,13,35,15,31,24,7,24,5,8,3,11,8,10,12,15,29,17,35,5,6,9,5,14,11,12,6,3,18,7,,54,6,8,27,15
20210920,19,NO2_24h,11,12,11,19,10,10,13,12,20,16,10,14,11,24,22,29,8,30,27,18,13,14,19,12,12,18,15,20,20,17,13,9,12,25,15,20,16,25,18,10,14,18,26,11,15,16,15,13,18,9,18,14,9,24,15,10,19,11,16,22,14,16,20,13,28,29,20,15,16,15,44,33,22,36,14,14,23,16,21,10,18,18,21,14,9,11,8,16,15,12,9,12,13,10,8,8,14,10,9,8,12,6,14,9,16,11,12,12,10,12,14,11,27,28,22,17,22,16,15,31,23,18,15,20,16,16,12,13,19,16,20,22,14,10,9,9,9,11,7,13,6,24,23,24,19,20,26,14,13,16,17,11,22,16,20,9,11,27,17,35,15,21,10,6,14,10,11,,12,8,7,6,5,20,20,18,21,19,11,25,20,13,15,23,24,25,17,17,,9,8,13,15,26,23,10,18,31,39,13,22,16,16,14,9,9,21,23,24,14,34,23,21,22,15,12,14,24,15,14,10,24,21,14,16,12,6,9,12,18,15,8,12,8,7,10,6,13,16,10,20,13,10,12,13,11,14,13,12,9,12,11,16,17,19,10,18,13,14,11,8,13,13,13,11,8,8,8,8,8,4,12,9,6,10,8,10,14,5,24,12,14,20,13,4,13,11,11,12,19,15,26,23,28,13,28,17,15,21,7,,24,9,22,7,10,12,14,14,,5,7,11,8,8,10,12,8,8,9,11,13,10,12,6,19,14,21,,13,8,12,27,9,11,26,19,36,25,25,20,11,26,23,19,17,32,8,5,16,17,13,11,21,21,18,26,47,35,22,25,13,39,33,30,10,10,43,32,,29,13,9,15,13
20210920,19,O3,64,68,108,61,71,124,91,86,58,70,63,97,127,102,75,60,101,41,10,82,105,115,114,77,81,92,103,99,91,84,82,93,84,80,110,51,83,92,102,60,50,30,53,42,83,99,27,85,75,57,96,101,103,79,27,47,77,59,74,63,41,97,99,30,114,122,90,99,115,84,85,88,93,94,115,130,92,102,83,76,59,65,26,66,95,89,84,78,74,75,69,71,70,62,98,77,45,49,56,68,46,45,57,78,149,45,35,45,83,122,82,98,99,104,50,91,60,71,72,49,27,4,32,79,94,85,97,134,108,92,90,81,104,87,98,82,88,80,50,77,34,121,119,120,102,114,133,92,98,117,84,101,38,68,90,120,113,80,84,102,69,68,52,64,56,62,80,,76,77,84,94,,121,102,119,94,101,113,112,107,103,118,100,59,,48,87,,95,102,46,107,94,107,98,60,103,74,36,25,93,102,38,89,119,68,68,64,67,52,55,21,47,32,46,53,24,28,44,41,33,32,23,45,59,87,96,64,72,93,92,100,92,88,90,96,101,104,52,41,58,56,108,111,100,105,81,53,69,120,56,59,119,97,114,91,103,80,93,101,88,56,123,95,109,94,102,87,96,87,111,96,84,83,94,97,84,79,65,40,59,90,73,57,47,66,89,72,93,108,118,114,108,121,55,131,55,117,65,,80,70,102,124,76,93,81,80,,101,60,104,82,40,46,80,39,47,61,60,50,38,80,92,105,128,120,,109,97,101,54,75,64,77,89,98,119,76,128,76,121,50,93,107,100,124,119,114,139,97,123,108,108,86,120,94,98,81,111,113,114,135,72,65,96,76,83,,70,81,38,73,82
20210920,19,O3_24h,79,90,132,88,103,152,122,105,79,91,99,119,165,198,120,79,110,49,49,176,194,136,132,127,152,163,142,158,166,140,137,127,160,148,127,174,131,156,182,121,110,133,91,118,109,133,98,105,86,114,137,110,130,120,63,75,118,99,91,84,87,107,146,44,148,157,106,127,121,124,138,119,102,131,136,149,120,120,98,90,95,91,138,96,113,109,89,87,118,98,99,87,88,125,99,93,91,99,92,86,108,100,82,103,154,126,102,77,88,133,119,121,147,141,60,91,84,77,85,60,64,42,66,180,187,145,113,156,152,142,112,118,126,113,112,102,123,96,91,113,40,169,128,137,118,136,202,122,140,135,108,115,113,106,132,122,123,119,103,122,102,80,95,127,107,100,95,,87,99,91,99,86,161,171,134,113,171,186,146,173,197,164,168,122,56,120,141,,110,134,110,127,112,172,121,128,115,148,63,75,119,127,60,142,129,76,75,72,79,80,56,33,47,47,54,60,58,88,76,67,67,73,74,56,70,138,126,134,101,111,96,176,109,140,114,123,116,174,165,124,128,85,153,119,126,111,95,88,82,133,81,95,162,142,127,123,123,114,125,119,118,91,139,110,127,107,128,112,117,131,125,109,98,111,107,123,97,122,102,87,79,102,90,67,77,99,110,82,118,134,141,126,136,136,133,147,101,140,121,,93,91,122,145,110,126,99,106,,115,83,119,82,52,55,103,101,78,69,95,69,60,107,119,113,132,121,,120,104,137,121,105,113,105,124,119,126,121,133,102,144,105,123,118,126,129,131,126,165,120,130,121,121,115,145,138,134,96,122,116,121,138,127,67,98,108,141,,123,98,44,109,103
20210920,19,O3_8h,70,80,119,58,76,135,111,95,70,80,86,108,133,127,104,67,95,15,32,130,105,103,95,71,87,94,99,100,95,84,82,80,80,109,116,128,111,85,119,113,60,85,75,79,98,117,61,91,75,67,121,100,111,85,44,54,87,65,73,63,57,89,119,37,124,136,103,106,108,106,115,99,98,96,118,128,103,112,64,75,72,70,90,67,98,91,81,79,83,87,72,75,77,56,86,73,65,56,77,72,65,49,70,74,107,90,74,63,81,121,103,113,116,117,47,63,69,67,74,49,54,25,56,95,107,109,105,136,132,122,104,105,108,97,101,88,111,88,74,92,37,143,110,108,105,123,163,107,109,122,96,103,85,93,115,117,119,98,84,97,67,72,69,68,69,78,74,,77,76,75,85,,115,117,109,94,123,107,96,90,101,101,106,69,,85,115,,98,119,82,118,105,138,111,111,96,115,34,60,106,120,51,105,121,59,53,61,65,42,43,27,36,38,48,53,45,59,67,53,49,57,60,51,63,107,105,90,76,94,84,102,101,97,104,109,100,104,111,96,98,63,130,108,107,98,83,64,71,113,71,78,135,123,113,113,117,101,114,108,101,78,113,101,111,99,114,101,104,106,108,97,92,79,94,105,79,104,88,68,67,82,76,64,66,86,94,76,94,121,126,117,122,127,100,115,81,126,94,,83,88,109,124,94,112,89,92,,99,68,110,77,45,46,92,77,63,49,81,55,50,93,100,105,120,114,,99,86,112,101,92,103,84,100,109,116,112,127,93,128,86,109,110,108,125,120,114,138,108,120,110,111,107,122,115,91,71,99,106,101,119,75,60,88,85,89,,105,90,36,96,87
20210920,19,O3_8h_24h,74,83,119,83,99,135,111,97,76,81,92,109,133,127,105,68,102,24,38,135,131,104,99,121,87,105,99,101,107,87,96,111,138,118,117,136,114,85,124,108,89,107,78,93,98,118,73,91,76,97,122,100,111,85,46,54,87,65,73,64,60,89,119,37,122,137,95,106,108,107,116,99,91,99,118,128,103,112,69,81,78,75,104,88,98,91,82,79,83,88,93,75,77,126,92,85,66,76,77,72,71,49,70,74,107,96,85,64,81,121,107,115,116,118,59,64,69,69,77,49,57,33,59,108,146,110,105,136,132,123,105,105,108,97,101,88,112,88,75,92,37,143,110,108,105,123,163,107,109,122,96,103,86,93,115,117,119,100,95,97,88,72,83,114,96,87,85,,79,95,89,88,90,118,121,111,94,127,113,108,90,101,101,109,72,50,94,122,,98,120,91,118,107,138,111,117,96,116,54,62,106,121,52,111,121,59,54,61,74,42,43,27,36,40,48,53,49,62,71,54,51,58,68,51,64,107,105,91,93,94,84,142,101,98,104,109,100,104,123,100,106,77,130,108,107,98,83,68,71,113,72,85,135,123,113,113,117,101,114,108,101,79,113,101,111,99,114,101,104,106,108,97,92,110,94,105,79,104,88,69,68,82,76,64,67,86,94,76,94,121,126,117,122,127,101,115,81,126,94,,83,81,109,124,94,112,89,92,,99,68,110,77,45,46,92,79,65,49,82,55,50,94,100,105,120,114,,99,86,112,103,92,107,84,100,109,116,114,127,93,128,87,109,110,108,125,120,114,138,108,120,110,111,108,122,117,91,71,99,106,101,119,75,60,88,85,89,,105,90,36,99,87
20210920,19,CO,0.46,0.61,0.35,0.40,0.28,0.65,0.34,0.28,0.47,0.40,0.45,0.50,1.02,0.31,0.39,0.48,0.84,0.50,0.79,0.91,0.65,0.89,0.80,0.79,0.65,0.50,0.76,0.72,0.82,0.63,0.56,0.85,0.60,0.75,0.91,0.36,0.86,0.77,0.85,0.33,0.47,0.50,0.60,0.47,0.59,0.73,0.28,0.58,0.66,0.85,0.45,0.86,0.68,0.69,0.56,0.55,0.51,0.45,0.57,0.58,0.59,0.50,0.64,0.36,0.69,0.52,0.47,0.49,0.27,0.46,0.64,0.50,0.48,0.45,0.82,1.10,0.37,0.50,0.86,0.47,0.73,0.80,0.45,0.51,0.58,0.44,0.73,0.46,0.37,0.60,0.58,0.63,0.50,1.13,0.76,0.48,0.52,0.51,0.50,0.64,0.50,0.47,0.80,0.43,0.63,1.05,0.82,0.55,0.40,0.63,0.41,0.73,0.80,0.92,0.26,0.52,0.54,0.55,0.56,0.63,0.60,0.70,0.50,0.90,0.78,0.59,0.47,0.70,0.67,0.55,0.58,0.53,0.65,0.93,1.06,0.77,0.37,0.52,0.63,0.71,0.30,0.68,0.54,1.16,0.68,0.35,0.55,0.50,0.43,0.48,0.65,0.33,0.63,0.39,0.47,0.40,0.83,0.46,0.28,0.27,0.60,0.40,1.10,0.90,0.85,0.85,0.55,,0.60,1.00,0.85,0.70,,0.70,1.05,0.93,0.80,1.20,0.95,0.93,1.15,0.80,0.85,1.05,0.70,,0.50,0.75,,0.50,0.55,0.30,0.66,0.48,0.25,0.48,0.83,0.33,0.57,0.13,0.85,0.20,0.25,0.37,0.25,0.25,0.44,0.43,0.32,0.47,0.33,0.75,0.65,0.60,0.55,0.50,0.50,0.40,0.77,0.37,0.62,0.60,0.63,0.90,0.40,0.45,0.65,0.52,0.90,1.07,0.70,0.60,0.55,0.70,0.47,0.75,0.67,0.82,0.60,0.40,0.93,0.43,0.33,1.30,0.80,0.80,0.55,0.77,0.94,0.60,1.13,0.67,0.72,0.64,0.63,0.73,0.68,0.75,0.54,0.75,0.60,1.28,0.80,0.77,0.90,0.72,1.20,0.70,0.67,0.77,0.57,0.74,0.50,0.90,0.53,0.57,0.90,0.65,0.85,0.90,0.93,0.68,0.58,0.58,0.60,0.67,0.55,0.63,0.50,0.60,0.33,0.42,0.53,0.40,0.43,0.90,0.47,0.73,0.53,0.35,,0.25,0.83,0.37,0.37,0.65,0.37,0.50,0.70,,0.55,0.60,0.40,0.55,0.40,0.75,0.65,0.33,0.40,0.40,0.55,0.65,1.05,0.50,0.45,0.35,0.35,0.65,,0.25,0.40,0.63,0.67,0.55,0.40,0.25,0.60,0.25,0.20,0.15,0.35,0.55,0.40,0.40,0.25,0.30,0.20,0.20,0.50,0.60,0.40,0.40,0.40,0.20,0.35,0.40,0.45,0.30,0.85,0.20,0.25,0.20,0.47,0.10,0.40,0.20,0.30,0.50,0.10,,0.40,1.00,0.45,0.53,0.40
20210920,19,CO_24h,0.55,0.89,0.36,0.77,0.36,0.82,0.38,0.22,0.53,0.63,0.42,0.65,0.50,0.56,0.51,1.16,0.59,0.56,0.66,0.67,0.78,0.64,0.63,0.71,0.65,0.48,0.67,0.71,0.85,0.65,0.55,0.70,0.75,0.67,0.60,0.48,0.63,0.67,0.73,0.43,0.53,0.53,0.60,0.37,0.70,0.65,0.34,0.63,0.72,0.49,0.68,0.88,0.72,0.68,0.50,0.63,0.49,0.45,0.43,0.53,0.50,0.44,0.66,0.48,0.69,0.66,0.52,0.48,0.32,0.38,0.78,1.23,0.55,0.63,0.85,0.75,0.75,0.52,1.04,0.45,0.97,0.85,0.53,0.57,0.65,0.60,0.68,0.67,0.43,0.21,0.55,0.67,0.65,0.64,0.36,0.57,0.54,0.56,0.45,0.58,0.53,0.50,0.70,0.50,0.47,0.80,0.70,0.55,0.47,0.53,0.51,0.67,1.46,0.67,0.40,0.90,0.78,0.57,0.80,0.93,0.52,0.33,0.42,0.80,0.95,0.60,0.67,1.08,0.83,0.72,0.70,0.57,0.70,0.83,1.08,0.85,0.53,0.54,0.57,0.83,0.30,0.67,0.68,1.14,0.68,0.47,0.57,0.52,0.45,0.55,0.47,0.37,0.50,0.33,0.40,0.40,0.43,0.78,0.42,0.47,0.60,0.60,0.70,0.65,0.40,0.55,0.45,,0.45,0.85,0.50,0.40,0.60,0.55,0.75,0.80,0.55,0.80,0.90,0.87,0.90,0.80,0.75,0.55,0.70,0.70,0.50,0.65,,0.63,0.80,0.40,0.60,0.55,0.70,0.58,0.63,0.50,1.10,0.13,0.40,0.50,0.30,0.30,0.15,0.30,0.66,0.93,0.57,0.60,0.53,1.05,1.05,0.70,0.45,0.40,0.43,0.38,0.63,0.67,0.87,0.57,0.70,0.55,0.20,0.45,0.65,0.63,0.75,0.75,0.60,0.47,0.63,0.80,0.47,0.80,0.70,0.83,0.60,0.47,1.00,0.47,0.40,0.70,0.63,0.82,0.95,0.60,0.86,0.63,0.85,0.63,0.53,1.34,0.90,0.55,0.88,0.90,0.80,0.67,0.73,1.20,0.70,0.83,1.00,0.74,1.20,0.77,0.57,0.77,0.73,0.80,0.47,0.95,0.50,0.53,0.93,0.95,0.60,0.78,0.63,0.68,0.63,0.58,0.50,0.60,0.50,0.63,0.45,0.60,0.37,0.53,0.75,0.50,0.50,0.65,0.37,0.43,0.60,0.25,,0.20,0.60,0.82,0.33,0.60,0.40,0.60,0.60,,0.55,0.65,0.55,0.60,0.40,0.65,0.60,0.50,0.30,0.40,0.55,0.70,0.95,0.60,0.45,0.40,0.50,1.10,,0.35,0.45,0.53,0.47,0.50,0.35,0.50,0.45,0.40,0.25,0.10,0.35,0.50,0.40,0.30,0.30,0.30,0.40,0.30,0.70,0.60,0.50,0.40,0.40,0.30,0.40,0.43,0.55,0.55,1.00,0.20,0.45,0.20,0.80,0.35,0.70,0.30,0.40,0.65,0.25,,0.45,0.80,0.45,0.58,0.37
20210920,20,AQI,16,18,34,16,21,38,28,23,16,21,23,28,37,33,22,16,30,15,60,39,29,34,36,23,33,26,32,30,28,31,31,29,23,24,48,22,38,26,32,32,26,31,42,34,24,52,12,25,24,20,41,29,28,31,21,15,34,15,27,35,31,24,35,24,46,29,27,31,32,47,55,35,33,64,31,35,55,54,32,24,27,20,19,20,27,28,23,23,24,25,22,28,21,22,29,25,20,21,32,31,13,13,41,21,48,45,34,12,22,41,26,38,47,48,16,29,17,25,22,26,48,56,23,28,25,24,48,51,58,42,35,54,27,24,28,22,31,28,17,27,15,35,27,47,25,31,34,30,28,26,55,69,44,44,62,46,48,45,56,67,19,24,24,20,21,25,23,,22,23,23,25,,38,35,34,39,38,34,32,32,30,31,36,30,,36,44,,29,32,23,50,30,35,44,52,26,60,20,64,43,29,27,26,34,25,25,19,21,15,18,15,23,25,25,19,52,67,36,22,40,41,40,29,24,28,28,51,34,26,28,28,25,36,28,42,30,31,32,20,17,17,64,33,26,30,23,19,21,30,28,30,49,59,38,38,43,46,48,30,21,28,33,25,33,27,30,25,27,31,32,27,21,20,26,30,21,17,37,44,32,32,24,32,35,55,34,26,29,26,47,33,33,32,41,30,51,29,46,,18,26,28,32,32,35,20,25,,25,52,34,24,19,26,29,27,25,22,54,24,42,25,24,31,36,34,,33,28,55,54,40,54,43,54,61,46,31,73,38,58,54,37,25,28,25,31,34,36,24,33,59,64,58,60,86,55,85,67,71,73,74,41,53,29,67,58,,63,26,26,37,53
20210920,20,PM2.5,3,3,16,10,7,21,14,13,11,7,14,12,19,6,6,6,10,9,32,16,8,14,19,8,17,11,18,13,13,19,18,16,10,13,29,10,19,8,14,16,12,21,17,22,8,21,6,6,8,9,13,13,9,15,9,6,14,7,9,17,8,12,22,10,26,16,9,14,7,18,25,14,11,17,16,21,11,14,4,8,19,6,7,10,4,9,12,10,11,12,8,9,9,12,20,6,6,8,16,14,9,3,9,8,23,23,23,7,5,18,9,18,33,31,6,2,7,5,3,12,7,27,12,11,11,11,16,20,17,20,14,14,14,7,8,7,11,19,6,18,7,18,14,22,14,12,15,21,16,11,18,9,12,11,15,8,18,11,11,24,12,2,12,11,15,10,8,,9,9,16,14,,11,18,19,17,21,10,19,17,17,14,21,17,,15,25,,16,8,10,20,16,19,14,20,7,18,14,26,10,10,16,7,15,5,5,4,4,7,6,10,9,14,13,11,16,22,12,14,16,17,15,14,17,12,8,25,18,11,6,8,7,17,3,13,9,9,11,13,5,6,28,12,10,11,4,9,10,14,16,19,25,12,20,16,18,17,15,21,8,10,17,14,13,8,9,6,12,9,19,16,6,9,14,16,9,7,17,17,14,18,17,7,14,11,24,14,18,13,33,17,18,17,20,17,27,6,24,,7,14,10,18,11,20,7,14,,4,18,16,10,12,18,20,19,16,6,6,15,19,15,7,9,1,9,,3,7,21,13,13,29,17,10,20,18,11,25,14,22,10,11,8,14,14,15,9,24,3,15,17,22,30,22,23,8,26,17,20,40,46,7,10,3,16,17,,45,11,15,13,16
20210920,20,PM2.5_24h,6,5,9,10,5,7,11,13,14,11,8,9,7,16,12,27,7,17,15,24,23,22,23,13,10,22,22,23,23,22,22,17,18,31,20,19,26,23,25,17,11,24,27,22,9,23,15,12,5,9,11,8,8,10,6,6,8,5,7,12,9,6,21,8,15,16,9,11,7,10,18,19,14,24,11,12,18,16,16,8,25,12,18,10,3,3,6,9,9,5,6,4,7,15,9,5,10,16,11,8,14,11,11,8,9,16,19,13,6,3,9,10,43,13,11,12,17,7,15,23,11,18,11,22,26,11,14,10,12,15,12,10,12,8,8,3,11,15,7,16,7,14,12,18,12,15,16,15,10,15,12,9,9,8,8,7,14,19,16,31,11,4,10,11,7,9,6,,7,7,7,8,6,24,22,22,22,22,24,22,23,23,20,18,34,27,27,33,,9,8,20,9,14,20,15,9,13,26,19,17,16,12,14,11,19,22,15,17,30,23,26,12,13,9,15,12,12,16,18,12,18,18,9,9,14,16,15,13,16,13,17,22,10,14,6,9,13,19,18,25,19,14,18,19,12,19,10,11,17,17,19,26,20,23,9,14,12,12,7,13,11,9,20,18,12,6,12,6,6,6,16,13,7,12,16,9,17,6,18,17,15,16,18,6,15,8,20,15,11,13,14,13,12,15,14,10,10,7,14,,6,8,12,11,7,11,8,12,,5,8,20,8,10,12,13,21,9,7,9,12,10,15,7,14,8,24,,7,7,11,11,9,11,12,9,15,18,9,18,10,10,7,19,9,24,10,19,16,22,8,13,17,16,10,22,30,24,20,27,18,65,55,22,11,11,26,30,,18,17,9,9,11
20210920,20,PM10,16,5,34,10,10,38,28,14,12,18,23,16,37,19,18,11,20,10,69,39,17,27,36,18,33,25,32,26,20,31,31,29,23,24,48,22,38,18,28,32,26,31,42,34,24,54,12,20,15,20,41,15,21,31,21,15,34,10,27,35,31,24,35,24,46,29,27,31,20,47,60,35,33,77,21,28,60,58,9,19,6,5,19,19,16,24,20,12,24,16,15,28,20,22,27,12,20,21,32,31,13,5,41,16,48,45,34,5,20,41,18,38,43,48,6,13,10,17,4,26,48,61,23,28,25,15,48,52,65,42,35,57,25,18,11,17,31,28,17,27,15,35,27,47,23,18,34,24,28,25,60,87,44,44,74,46,48,45,61,83,18,5,24,19,21,17,17,,13,16,21,17,,20,35,34,39,38,19,29,30,23,27,36,30,,36,44,,23,32,23,50,30,34,44,54,16,70,17,77,43,19,27,9,34,4,13,6,3,14,14,15,23,25,25,19,54,84,36,22,40,41,40,29,17,28,28,51,34,21,8,16,24,36,12,42,18,14,32,20,9,17,77,30,16,20,23,19,21,27,28,30,49,67,34,38,43,46,48,24,19,28,27,20,22,12,13,25,27,31,32,27,13,16,18,30,16,13,37,44,32,32,21,32,35,60,34,26,29,26,42,24,21,32,41,30,52,29,46,,17,26,21,29,32,35,11,25,,12,54,34,12,19,8,27,17,25,22,58,24,42,21,18,18,4,20,,9,25,60,57,40,58,43,58,71,46,31,95,38,66,58,37,25,28,18,26,21,36,14,27,67,78,65,70,122,59,119,84,91,96,98,41,56,17,83,65,,39,26,26,37,55
20210920,20,PM10_24h,6,7,14,13,11,12,14,12,13,19,9,8,12,29,27,48,19,48,40,38,42,38,35,24,18,43,41,38,37,35,32,30,31,53,32,38,44,47,41,29,23,43,64,38,27,44,24,34,7,23,25,12,16,23,16,13,21,15,20,26,24,14,39,21,30,29,28,19,19,24,51,33,38,90,18,16,41,30,25,17,16,17,39,16,4,7,8,9,18,13,12,15,5,23,19,8,21,22,22,22,25,18,33,17,19,30,30,26,12,8,16,19,47,19,25,28,33,17,13,49,36,39,18,39,40,23,26,23,26,27,21,24,21,16,10,8,18,24,19,29,15,28,24,27,17,26,39,25,19,21,27,30,29,25,24,35,40,53,68,107,18,5,21,23,14,15,14,,13,12,21,15,19,41,44,36,43,38,36,36,37,34,37,37,53,58,44,50,,13,27,35,22,28,29,24,22,41,91,26,42,49,21,25,27,37,38,28,34,34,50,42,30,37,20,23,27,36,32,40,21,38,28,15,23,16,27,25,21,31,26,29,37,14,26,18,20,23,31,33,39,32,27,40,39,18,34,21,27,34,33,35,44,32,36,10,25,23,27,17,15,23,21,22,31,16,9,20,12,10,22,28,20,14,22,20,17,25,13,46,32,32,39,33,9,30,20,36,30,20,24,27,26,22,29,31,20,19,16,26,,24,14,26,17,17,18,14,19,,15,18,23,15,11,15,16,20,12,15,17,23,19,31,15,32,21,51,,19,18,26,28,20,28,31,29,63,41,24,51,32,33,37,37,25,35,14,26,27,40,22,29,51,46,24,76,114,83,103,92,84,175,179,77,64,40,88,88,,41,47,18,19,25
20210920,20,SO2,3,6,7,3,4,16,6,5,9,2,4,6,8,5,6,7,6,5,10,5,4,6,7,6,7,15,6,6,6,6,4,4,5,6,9,4,10,6,7,4,6,4,4,6,5,5,4,4,8,5,6,7,5,7,6,5,7,4,5,6,6,9,7,4,9,6,6,9,7,6,8,11,6,7,6,15,6,16,4,7,8,9,5,4,4,16,9,7,9,5,4,6,5,5,4,14,8,8,8,8,5,7,6,6,8,9,4,9,7,7,8,9,8,9,7,5,9,10,9,7,5,7,5,12,8,12,4,6,5,7,4,6,7,6,9,8,2,17,6,11,4,8,8,17,14,5,8,3,5,5,7,3,5,4,6,3,17,9,6,4,11,5,4,6,3,8,8,,7,5,4,5,,8,11,8,8,9,6,17,10,7,8,10,5,,6,8,,7,7,7,6,6,6,4,10,6,12,3,5,7,17,3,11,6,7,10,5,6,7,8,10,10,3,8,7,8,10,4,9,9,19,7,5,4,9,5,7,11,8,8,6,6,3,5,1,6,5,8,7,5,4,6,12,11,6,5,6,10,13,5,18,10,6,6,7,6,9,8,8,9,7,7,5,7,5,8,7,5,8,8,11,2,7,7,4,3,4,8,16,8,5,5,7,6,8,9,7,4,8,9,6,10,4,5,8,5,4,11,,10,10,4,8,2,7,6,4,,3,7,11,7,9,6,6,8,9,8,4,4,4,9,8,6,4,9,,8,10,7,6,6,8,12,8,5,7,4,7,9,6,10,6,7,13,6,5,7,12,9,14,6,11,6,8,8,12,9,7,4,7,7,9,11,3,6,9,,12,4,11,7,7
20210920,20,SO2_24h,3,6,5,4,4,8,5,5,9,2,5,7,5,10,8,10,6,5,9,6,4,5,6,6,6,11,6,6,6,6,4,4,5,6,7,4,7,9,7,4,6,4,5,6,5,5,6,8,6,5,5,6,5,6,6,5,7,3,5,6,6,8,8,3,10,6,6,8,8,5,11,15,7,11,7,8,13,7,6,7,8,17,11,4,4,6,7,6,8,5,4,5,5,4,4,9,10,8,8,11,6,7,6,7,8,6,7,13,7,5,10,9,10,8,11,6,12,9,10,17,5,5,5,9,8,8,4,8,6,7,6,7,7,7,8,7,2,18,7,11,4,8,8,19,9,5,6,4,5,7,7,4,4,7,5,3,9,14,7,5,9,5,3,5,4,8,8,,6,5,4,4,6,9,10,8,8,9,5,10,9,6,9,9,6,2,6,6,,6,8,7,5,9,9,5,11,9,36,3,4,8,16,2,12,6,10,14,6,8,9,11,15,11,4,7,7,8,9,5,6,9,7,5,7,5,6,5,6,10,8,8,7,7,3,5,3,6,6,7,7,6,6,5,13,11,26,5,11,10,9,6,14,13,7,5,9,6,9,8,7,10,6,7,7,3,5,8,7,5,7,11,9,2,14,7,4,6,4,14,11,9,5,17,6,10,8,25,11,7,9,9,8,10,5,6,7,5,6,11,,9,9,6,8,2,7,8,5,,4,7,16,7,8,6,17,11,7,8,6,4,4,9,9,6,4,9,,8,10,9,8,8,7,47,9,5,9,4,7,9,6,12,5,7,12,6,8,12,11,8,14,10,10,5,8,14,18,11,7,4,6,7,9,12,4,10,14,,13,5,14,6,7
20210920,20,NO2,16,20,24,22,10,17,31,14,21,21,29,23,26,12,23,13,11,17,42,32,19,15,28,15,29,21,19,25,21,26,16,16,20,18,32,19,25,28,18,12,23,26,16,13,26,17,15,10,15,21,39,22,16,36,36,11,31,12,16,37,27,20,33,10,44,21,24,23,21,48,70,57,35,21,21,24,34,19,10,5,20,13,14,17,20,14,11,15,31,15,15,22,17,25,9,11,10,12,14,7,11,5,16,4,32,20,21,12,10,18,13,15,25,42,8,7,10,8,7,29,41,30,27,36,27,22,19,18,30,26,24,21,21,17,11,17,14,15,9,13,6,45,34,30,32,20,28,57,41,15,23,6,14,34,17,9,32,35,9,17,23,14,15,13,22,13,14,,14,11,9,8,,19,29,18,23,40,16,31,26,22,21,34,22,,16,20,,10,16,11,27,15,10,10,13,20,54,13,44,29,14,14,6,11,7,7,13,7,9,7,19,17,19,15,12,34,26,20,13,35,31,40,14,11,15,16,39,27,15,5,15,17,23,15,32,13,18,14,17,7,5,17,13,16,12,20,15,12,18,11,18,19,19,21,21,25,19,28,15,18,30,18,17,13,11,11,15,14,15,19,19,14,15,15,19,19,12,17,21,17,25,13,19,15,25,10,8,40,49,24,16,25,26,74,35,51,36,12,,21,27,15,7,32,29,12,37,,6,10,22,10,11,15,13,5,16,19,21,15,23,9,22,22,5,14,,4,8,44,53,23,22,42,17,52,46,39,53,37,71,32,54,16,55,18,6,6,21,19,17,21,27,71,22,52,8,9,13,7,22,22,14,8,8,17,8,,73,7,12,28,20
20210920,20,NO2_24h,11,12,12,18,9,10,14,12,19,16,10,14,11,24,22,27,8,29,27,18,13,14,20,12,13,17,15,20,19,18,12,10,12,25,16,20,16,26,17,10,14,19,24,11,16,16,15,12,17,10,19,15,9,25,16,10,20,11,16,23,15,16,21,13,28,29,20,15,16,16,45,33,22,36,14,14,23,15,20,9,18,18,21,14,9,10,8,16,15,11,9,12,13,10,8,8,13,10,9,8,12,6,14,9,17,11,12,12,10,12,13,11,27,29,20,16,21,15,14,30,24,19,15,21,16,17,12,14,20,16,20,22,14,10,10,10,9,11,7,13,6,23,23,24,19,20,26,15,14,16,17,10,21,17,19,9,12,27,15,35,16,20,10,6,15,9,11,,12,8,7,6,5,20,20,17,20,20,11,25,20,14,15,24,24,25,16,17,,9,8,13,15,24,22,10,18,29,40,13,22,17,16,14,7,8,20,22,23,13,33,21,21,22,15,12,14,25,16,14,10,24,21,14,15,11,6,9,13,18,14,8,12,8,7,10,8,12,16,10,20,12,9,12,12,11,13,13,11,9,12,11,16,18,18,11,18,13,14,12,8,12,13,13,11,8,8,8,8,8,5,12,9,7,10,8,10,14,5,23,12,14,21,13,5,13,11,11,11,19,17,25,23,28,14,29,17,15,22,7,,25,10,22,7,11,13,14,14,,5,7,12,8,8,10,12,8,9,10,11,13,10,12,6,19,14,21,,13,8,14,28,9,11,26,19,37,25,25,21,12,28,23,20,17,32,9,5,15,17,13,11,21,21,20,26,47,34,21,25,13,40,33,29,9,9,41,32,,30,11,9,16,13
20210920,20,O3,51,59,97,51,67,114,74,75,48,66,54,90,106,107,69,52,97,47,11,73,93,110,106,74,60,83,94,95,90,76,77,90,71,74,92,41,75,82,101,48,55,28,51,37,68,76,34,79,78,57,72,94,89,55,17,45,60,48,63,50,36,73,71,26,83,93,69,70,102,54,40,53,70,84,99,112,67,93,103,78,56,65,23,63,87,88,75,73,51,80,69,66,67,58,87,80,46,47,41,60,39,42,56,67,113,42,29,37,71,121,84,86,78,82,51,94,54,79,71,43,20,4,28,67,77,76,84,113,98,75,83,88,85,77,88,71,77,63,37,76,33,74,85,98,80,98,103,46,52,82,76,109,95,47,102,109,95,64,81,93,62,76,52,64,51,81,74,,71,74,72,79,,123,95,109,101,83,110,101,103,97,98,103,56,,43,86,,92,89,42,104,80,111,103,89,84,36,36,22,72,94,44,83,109,79,81,62,67,49,59,22,40,33,48,54,24,36,48,39,27,31,25,40,58,79,88,59,65,83,90,89,81,77,89,63,95,99,38,36,53,51,115,106,82,96,65,45,53,96,44,53,101,88,120,89,84,74,86,91,67,38,107,80,107,85,96,71,80,59,100,79,66,64,82,66,67,55,48,46,62,68,68,36,41,38,77,62,43,70,120,104,104,84,17,87,18,70,45,,58,51,91,102,47,64,63,52,,81,41,71,77,31,31,65,37,37,34,57,35,24,79,76,98,114,109,,106,91,46,50,45,54,61,72,61,85,54,82,68,31,41,46,73,48,81,100,108,100,76,105,86,89,31,114,74,77,74,106,109,99,122,67,59,93,76,77,,39,74,31,67,74
20210920,20,O3_24h,79,90,132,88,103,152,122,105,79,91,99,119,165,198,120,78,109,48,49,176,185,131,132,127,138,141,134,142,153,109,124,125,160,140,126,174,131,128,182,120,109,133,91,117,105,133,98,104,87,114,137,110,130,120,61,75,118,99,91,84,85,107,146,44,148,157,106,121,121,124,138,119,99,116,136,149,120,120,103,90,92,89,138,96,113,109,88,87,116,98,99,87,88,125,99,93,91,95,92,86,95,86,82,103,154,126,102,77,88,133,119,121,147,141,60,94,84,82,85,53,64,42,66,180,182,137,113,156,152,142,112,118,126,113,112,102,123,96,91,114,40,169,128,137,118,136,202,122,140,135,108,115,113,106,132,122,123,119,102,122,102,80,95,127,107,100,95,,87,99,91,99,84,161,171,134,113,171,170,134,149,165,157,168,114,56,120,141,,110,134,110,127,112,172,121,128,115,148,62,75,119,127,60,142,129,79,81,72,78,60,59,33,47,47,54,60,58,88,76,67,67,73,74,56,70,131,111,102,101,111,101,176,109,107,114,123,116,156,165,124,128,84,153,119,126,111,95,88,80,133,81,95,162,142,128,123,123,114,125,119,115,91,139,110,127,107,128,112,117,131,125,109,98,111,107,123,97,122,102,87,79,102,90,67,77,99,110,82,118,134,141,126,136,136,133,147,101,140,121,,93,91,122,145,110,126,99,106,,115,83,119,82,52,55,103,101,78,69,95,69,60,107,119,113,132,121,,113,104,137,121,105,113,105,124,119,126,121,133,102,144,105,123,118,126,129,131,126,165,120,130,121,121,115,145,138,117,82,122,116,121,138,93,67,98,90,127,,123,98,44,109,103
20210920,20,O3_8h,68,77,120,57,75,135,107,93,67,78,80,107,134,128,101,66,95,20,29,121,107,101,95,73,85,94,105,104,99,87,84,83,80,102,114,116,106,84,110,107,60,73,71,69,94,113,54,91,76,67,117,101,113,87,41,55,87,65,72,63,53,89,117,36,124,134,103,104,110,103,105,97,97,95,119,131,100,110,68,79,71,69,82,68,99,95,82,80,81,87,69,75,76,58,87,76,61,55,73,72,60,49,67,76,112,84,65,62,81,124,100,111,117,115,48,66,69,68,74,48,49,21,52,94,107,105,104,137,131,118,102,106,110,98,101,88,108,86,70,92,36,139,112,113,105,123,161,102,108,120,96,106,86,89,116,117,116,96,84,102,69,73,68,67,66,76,75,,75,75,74,85,,110,107,109,99,112,111,102,97,104,106,98,68,,78,108,,100,118,74,118,102,138,112,109,96,106,34,58,104,116,49,100,120,63,55,65,66,45,48,26,39,36,49,52,42,52,64,53,46,52,55,49,64,105,104,88,74,96,87,102,100,97,102,106,103,105,103,88,92,60,131,111,108,101,81,58,70,117,69,75,135,123,117,112,114,99,111,108,100,74,117,101,114,99,115,100,104,105,112,98,90,80,96,104,82,100,84,67,67,84,76,61,63,82,94,75,94,115,127,119,120,123,92,116,75,121,92,,82,85,110,124,91,109,88,89,,103,68,108,79,44,44,90,73,61,51,79,56,48,93,101,107,123,116,,102,89,109,95,87,97,84,103,107,116,106,122,91,120,82,104,109,103,121,119,116,137,106,122,110,111,98,125,112,90,73,106,109,107,128,75,60,90,84,88,,100,89,36,93,88
20210920,20,O3_8h_24h,74,83,121,83,99,136,111,97,76,81,92,110,134,129,105,68,101,26,38,135,131,105,101,121,87,105,105,104,108,89,97,111,138,118,117,136,114,85,124,107,89,107,78,93,98,118,73,91,77,97,122,102,114,87,46,55,87,66,73,65,60,90,120,37,124,137,95,102,110,107,116,100,91,100,119,131,103,112,70,82,78,75,104,88,99,95,83,80,83,88,93,75,77,126,92,85,66,76,77,73,71,50,70,76,112,96,85,64,81,124,107,115,117,118,59,66,70,69,77,47,57,33,59,108,146,110,105,138,132,123,105,106,110,98,102,89,112,88,75,93,37,143,112,113,105,123,163,107,110,122,97,106,87,93,116,117,119,100,95,102,88,73,83,114,96,87,85,,79,95,89,88,89,118,121,111,99,127,113,109,97,104,106,109,72,50,94,122,,100,120,91,119,107,139,112,117,97,116,54,62,106,121,52,111,121,63,55,65,75,45,48,27,39,40,49,53,49,62,71,54,51,58,68,51,64,107,105,92,93,96,87,142,101,98,104,109,103,105,123,100,106,77,131,111,108,101,84,68,71,117,72,85,136,124,117,113,117,101,114,108,101,79,117,102,114,100,115,101,104,106,112,98,92,110,96,105,82,104,88,69,68,84,77,64,67,86,94,76,95,121,127,119,122,127,101,117,81,126,94,,83,81,111,124,94,112,89,92,,103,68,110,79,45,46,92,79,65,51,82,56,50,95,101,107,123,116,,102,89,112,103,92,107,84,103,109,116,114,127,93,128,87,109,110,108,125,120,116,138,108,122,110,112,108,125,118,91,73,106,109,107,128,75,60,90,85,89,,105,90,36,99,88
20210920,20,CO,0.50,0.61,0.54,0.44,0.30,0.68,0.38,0.28,0.47,0.43,0.53,0.50,1.07,0.33,0.42,0.49,0.80,0.40,0.85,0.95,0.67,0.90,0.80,0.76,0.75,0.62,0.77,0.75,0.88,0.65,0.56,0.85,0.65,0.75,0.93,0.40,0.86,0.77,0.85,0.40,0.53,0.50,0.60,0.40,0.62,0.65,0.28,0.55,0.68,0.79,0.49,0.88,0.73,0.69,0.57,0.52,0.59,0.45,0.50,0.62,0.61,0.46,0.74,0.40,0.82,0.61,0.56,0.54,0.32,0.63,0.73,0.63,0.60,0.45,0.83,1.15,0.50,0.54,0.86,0.45,0.73,0.67,0.45,0.53,0.58,0.42,0.72,0.51,0.42,0.46,0.55,0.60,0.55,1.45,0.76,0.43,0.52,0.51,0.50,0.60,0.47,0.47,0.75,0.43,0.63,0.95,0.92,0.60,0.47,0.63,0.40,0.77,0.82,0.88,0.24,0.50,0.50,0.53,0.94,0.62,0.66,0.65,0.52,0.93,0.85,0.59,0.56,0.80,0.63,0.53,0.70,0.50,0.65,0.97,1.08,0.80,0.40,0.58,0.60,0.71,0.30,0.83,0.64,1.28,0.70,0.38,0.65,1.02,0.55,0.40,0.55,0.30,0.40,0.47,0.30,0.40,0.67,0.48,0.28,0.40,0.60,0.40,1.10,0.85,0.80,0.70,0.55,,0.55,0.95,0.85,0.70,,0.70,1.05,0.93,0.70,1.20,1.00,0.93,1.10,0.95,0.90,0.90,0.70,,0.50,0.85,,0.55,0.63,0.30,0.70,0.50,0.20,0.34,0.60,0.57,0.80,0.17,0.60,0.35,0.22,0.33,0.20,0.25,0.40,0.38,0.32,0.47,0.28,0.70,0.65,0.60,0.55,0.60,0.47,0.43,0.90,0.40,0.60,0.57,0.73,0.75,0.30,0.45,0.63,0.58,0.93,1.20,0.68,0.60,0.53,0.70,0.58,0.75,0.70,0.80,0.63,0.40,0.85,0.33,0.30,0.75,0.80,0.78,0.57,0.82,0.96,0.65,1.10,0.60,0.75,0.60,0.57,0.70,0.75,0.78,0.60,0.80,0.63,1.24,0.87,0.77,0.97,0.74,1.25,0.73,0.67,0.83,0.60,0.73,0.55,1.02,0.57,0.57,0.95,0.75,0.70,0.80,0.63,0.63,0.63,0.63,0.70,0.63,0.60,0.73,0.50,0.67,0.53,0.40,0.60,0.47,0.60,1.00,0.53,0.73,0.73,0.35,,0.30,0.83,0.42,0.40,0.80,0.53,0.60,0.80,,0.55,0.55,0.55,0.60,0.45,0.75,0.70,0.30,0.45,0.65,0.60,0.80,1.15,0.50,0.55,0.40,0.35,0.80,,0.25,0.40,0.83,0.57,0.60,0.50,0.40,0.65,0.50,0.45,0.20,0.80,0.65,0.70,0.40,0.45,0.30,0.30,0.20,0.60,0.60,0.60,0.50,0.50,0.23,0.40,0.80,0.50,0.40,0.70,0.15,0.30,0.25,0.53,0.35,0.43,0.20,0.30,0.50,0.10,,0.50,0.80,0.50,0.62,0.40
20210920,20,CO_24h,0.53,0.87,0.36,0.74,0.36,0.82,0.38,0.25,0.50,0.60,0.42,0.65,0.57,0.55,0.51,1.08,0.60,0.56,0.67,0.68,0.78,0.64,0.64,0.71,0.66,0.50,0.68,0.71,0.85,0.65,0.55,0.73,0.75,0.67,0.61,0.48,0.63,0.70,0.75,0.43,0.50,0.53,0.60,0.37,0.70,0.65,0.34,0.61,0.71,0.52,0.66,0.88,0.73,0.68,0.51,0.60,0.50,0.45,0.43,0.53,0.51,0.44,0.66,0.48,0.69,0.67,0.52,0.48,0.30,0.39,0.80,1.23,0.53,0.62,0.87,0.77,0.75,0.52,1.04,0.45,0.97,0.85,0.53,0.57,0.65,0.60,0.73,0.66,0.43,0.21,0.55,0.65,0.63,0.66,0.38,0.58,0.54,0.56,0.45,0.58,0.53,0.50,0.70,0.50,0.47,0.80,0.72,0.55,0.47,0.53,0.50,0.67,1.46,0.68,0.36,0.82,0.78,0.55,0.78,0.90,0.52,0.33,0.42,0.82,0.95,0.60,0.65,1.08,0.82,0.72,0.70,0.57,0.68,0.83,1.08,0.85,0.53,0.54,0.57,0.83,0.30,0.65,0.66,1.16,0.68,0.47,0.57,0.54,0.45,0.55,0.47,0.37,0.50,0.33,0.37,0.40,0.47,0.76,0.38,0.47,0.60,0.60,0.70,0.65,0.45,0.55,0.45,,0.45,0.85,0.55,0.40,0.60,0.55,0.75,0.80,0.55,0.80,0.90,0.87,0.95,0.80,0.80,0.60,0.70,0.70,0.50,0.65,,0.60,0.78,0.40,0.60,0.55,0.67,0.54,0.63,0.50,1.10,0.13,0.40,0.50,0.30,0.30,0.15,0.30,0.66,0.88,0.53,0.60,0.50,1.00,1.05,0.70,0.45,0.45,0.43,0.38,0.67,0.67,0.87,0.57,0.70,0.55,0.20,0.45,0.65,0.63,0.75,0.78,0.60,0.47,0.63,0.78,0.47,0.80,0.70,0.85,0.63,0.45,1.00,0.47,0.40,0.70,0.67,0.85,0.90,0.60,0.86,0.60,0.88,0.63,0.53,1.30,0.85,0.57,0.87,0.88,0.80,0.70,0.73,1.20,0.67,0.83,1.00,0.74,1.20,0.77,0.60,0.77,0.70,0.80,0.47,0.95,0.50,0.55,0.93,0.95,0.60,0.78,0.63,0.65,0.63,0.58,0.53,0.60,0.55,0.63,0.45,0.60,0.37,0.53,0.75,0.47,0.50,0.65,0.37,0.43,0.60,0.25,,0.25,0.60,0.82,0.33,0.60,0.40,0.60,0.60,,0.55,0.65,0.55,0.60,0.40,0.65,0.60,0.43,0.30,0.40,0.55,0.70,1.00,0.60,0.45,0.40,0.50,1.10,,0.35,0.45,0.57,0.47,0.50,0.35,0.50,0.50,0.40,0.25,0.10,0.35,0.50,0.40,0.30,0.30,0.30,0.40,0.30,0.70,0.60,0.50,0.40,0.40,0.30,0.40,0.43,0.55,0.55,1.00,0.20,0.45,0.20,0.80,0.35,0.70,0.30,0.40,0.65,0.25,,0.45,0.80,0.45,0.60,0.40
20210920,21,AQI,21,18,37,17,19,46,25,23,19,18,28,27,38,30,18,14,30,15,58,36,24,33,37,23,39,28,33,29,27,33,33,29,28,24,42,22,35,23,31,32,32,29,38,22,26,45,15,24,25,17,45,26,28,29,22,14,35,14,23,42,31,24,44,25,46,34,34,38,25,57,70,42,40,63,26,36,38,40,33,27,23,19,20,23,25,26,22,23,30,25,22,23,24,23,24,24,17,15,24,29,13,13,42,18,46,38,41,22,19,44,24,41,55,43,16,30,14,24,21,17,52,53,28,31,25,20,55,54,55,47,50,54,27,22,27,19,28,27,14,41,12,48,33,50,29,29,36,45,34,28,42,27,30,43,72,57,56,50,50,106,19,27,32,22,21,23,23,,23,23,26,22,,36,34,33,30,37,29,29,32,32,27,45,26,,34,41,,28,41,22,40,25,32,39,40,20,84,17,48,45,24,28,26,35,25,26,17,19,15,21,16,20,24,26,19,53,57,27,18,43,35,57,26,23,29,27,51,40,23,26,27,25,38,25,42,29,24,24,20,15,13,57,31,20,28,23,22,23,33,30,32,47,49,38,42,48,50,49,32,21,49,30,23,28,24,28,24,27,39,37,31,21,18,23,32,26,18,34,29,38,36,25,39,44,53,38,32,34,33,59,31,33,38,55,34,46,50,41,,25,23,29,28,43,42,16,33,,16,35,50,20,19,37,29,24,23,28,26,29,34,24,25,28,30,43,,33,24,54,47,34,36,63,50,68,61,35,108,40,88,55,66,30,45,22,34,26,70,22,28,58,68,56,69,91,53,97,76,73,78,97,48,44,29,66,55,,83,26,21,36,50
20210920,21,PM2.5,4,3,18,12,6,24,14,14,13,5,14,11,17,7,11,6,9,8,25,19,11,16,18,10,23,11,20,14,11,19,17,15,12,12,24,9,17,9,15,13,14,17,17,15,7,10,8,7,9,9,14,13,10,14,9,7,14,7,8,21,7,12,24,10,27,19,15,18,9,12,44,18,13,18,18,23,14,11,6,7,16,7,6,12,8,9,8,12,17,7,9,8,9,16,14,8,7,7,16,15,9,2,9,6,23,22,24,6,5,16,9,22,32,30,8,1,7,5,5,9,14,25,12,14,10,13,18,23,18,20,16,12,12,9,13,7,11,16,7,25,8,24,18,28,20,18,19,25,20,13,11,9,11,11,12,12,22,14,10,23,11,2,20,8,13,8,10,,10,11,18,10,,12,19,17,18,21,12,18,18,17,14,28,14,,15,24,,17,8,12,20,12,17,10,18,7,26,12,26,19,9,13,7,16,5,5,4,4,6,8,11,9,11,18,8,16,19,12,10,17,18,14,12,14,18,8,24,20,11,6,9,9,19,5,14,10,9,11,12,5,5,26,15,10,11,5,8,11,17,16,20,21,14,19,15,24,19,15,17,10,14,21,14,12,10,9,8,14,9,26,17,7,10,16,16,13,11,19,14,16,22,17,7,17,12,25,14,16,14,42,19,16,22,33,17,25,11,29,,3,13,13,18,11,28,11,21,,7,20,20,9,13,26,20,17,16,11,17,18,18,14,10,11,3,29,,4,8,25,12,11,25,28,14,24,26,16,35,19,33,18,22,12,27,13,21,18,51,5,19,23,25,25,28,26,12,30,21,26,41,58,10,8,18,16,16,,28,7,14,13,11
20210920,21,PM2.5_24h,6,4,9,9,4,7,11,12,13,10,8,9,7,16,12,24,7,17,15,24,21,22,23,13,9,20,22,22,22,20,21,17,16,30,20,19,25,23,25,17,11,24,26,21,8,22,15,11,5,9,12,8,8,11,6,6,8,5,7,12,9,6,21,8,15,16,10,11,7,10,19,18,14,24,10,12,17,15,15,8,25,12,18,10,3,3,6,9,9,5,6,4,7,15,9,5,10,15,11,9,14,11,11,8,9,15,19,13,6,4,9,11,43,13,11,10,16,7,14,22,11,18,11,21,24,10,15,10,12,15,12,10,12,8,7,3,10,15,7,17,7,14,12,19,13,15,16,15,11,15,12,10,9,9,8,7,15,19,16,31,11,3,11,11,7,9,6,,7,7,8,8,6,24,22,21,21,22,22,21,23,22,19,19,33,27,25,32,,9,8,20,10,14,20,15,9,13,27,18,17,16,12,14,10,18,21,14,16,28,22,25,12,13,9,15,11,12,15,17,12,17,18,9,9,13,15,13,13,15,12,16,21,9,13,5,10,12,18,18,25,18,13,19,18,11,19,10,10,17,16,18,25,20,23,10,14,13,13,7,13,10,9,21,16,12,6,11,6,6,6,16,13,7,12,15,10,16,6,18,17,14,16,17,5,15,8,20,15,11,13,15,14,12,16,15,11,11,7,15,,6,8,12,11,7,11,8,12,,5,9,20,8,10,12,14,21,9,7,9,12,10,15,7,13,8,24,,7,7,12,11,9,12,13,9,16,18,9,18,10,11,7,19,9,24,10,19,16,23,8,13,17,17,10,22,30,23,21,26,18,65,56,21,11,11,25,29,,18,15,9,9,11
20210920,21,PM10,21,5,37,11,10,46,25,12,12,13,28,19,38,20,17,11,16,7,66,36,19,29,37,19,39,28,33,27,19,33,33,29,28,24,42,22,35,20,27,32,32,29,38,22,26,45,15,18,16,17,45,19,28,29,22,14,35,14,23,42,31,24,44,25,46,34,34,38,25,64,90,42,40,75,26,36,38,40,12,17,6,7,20,23,16,16,18,12,30,14,13,23,24,22,18,13,15,15,24,29,11,6,42,16,46,38,41,22,19,44,19,41,59,43,6,11,9,17,4,17,54,56,28,31,23,20,60,57,59,47,50,58,27,18,17,16,28,27,14,41,12,48,33,50,26,29,36,45,34,28,42,16,30,43,93,64,61,50,50,161,15,5,32,11,21,17,16,,13,16,26,12,,24,34,31,26,37,23,29,32,23,27,45,26,,34,41,,23,41,22,40,20,32,39,40,13,117,13,48,45,20,28,7,35,3,8,4,2,14,14,16,20,24,26,18,55,63,27,18,43,35,63,26,23,29,26,51,40,21,11,20,24,38,11,42,19,19,24,20,10,6,63,29,20,22,23,22,23,33,30,32,47,49,35,42,48,50,49,32,21,49,30,23,25,19,15,24,26,39,33,31,14,18,20,32,26,18,34,29,38,36,25,39,44,55,38,32,34,33,51,26,24,38,59,34,46,50,36,,15,23,29,28,43,42,15,33,,16,35,50,18,15,24,28,18,22,28,26,29,34,22,25,24,11,43,,11,20,58,47,34,35,75,50,86,71,35,166,40,125,59,82,30,45,18,34,26,69,21,28,66,86,61,87,131,56,144,101,96,106,143,48,44,19,81,59,,115,26,21,36,50
20210920,21,PM10_24h,6,6,15,12,10,14,15,11,11,18,10,9,14,30,26,43,18,46,42,38,40,37,36,24,17,41,40,37,35,33,31,29,29,51,32,38,43,46,41,29,23,42,61,37,25,45,23,32,7,23,27,11,12,24,16,13,21,15,20,27,25,15,39,20,31,29,28,20,19,26,54,34,38,89,17,16,41,30,24,17,16,17,39,15,5,7,8,9,16,13,11,14,6,23,20,8,21,22,23,23,24,17,33,17,20,30,31,26,13,10,16,20,48,21,22,25,30,17,12,48,36,40,19,38,36,21,28,25,28,29,22,26,21,16,10,8,18,24,19,29,15,28,24,28,18,26,39,26,20,22,28,29,29,26,28,36,40,53,66,110,18,5,22,23,14,15,14,,12,12,22,15,20,39,44,35,42,38,35,35,36,33,35,37,50,58,42,49,,13,28,34,23,28,29,25,23,39,94,25,39,48,20,24,25,36,34,26,30,30,48,40,28,36,19,23,27,37,33,38,20,37,28,17,23,15,25,23,21,30,24,27,34,14,25,12,22,22,29,33,38,29,25,41,37,17,32,20,27,33,32,34,44,33,37,11,25,24,29,19,17,21,22,23,27,16,10,17,11,11,22,28,19,13,22,19,18,23,13,45,32,32,39,32,10,30,20,36,30,20,24,29,26,22,29,33,21,20,17,25,,24,14,27,18,18,20,14,20,,15,19,24,15,11,15,17,20,12,15,17,23,20,31,15,32,21,51,,19,18,27,29,21,29,33,30,64,41,24,55,33,37,38,39,25,35,14,26,26,41,22,30,51,48,26,76,115,82,106,91,84,175,180,74,60,38,88,87,,44,42,19,19,27
20210920,21,SO2,3,6,9,3,5,17,6,5,9,2,4,6,9,5,6,7,6,5,10,6,7,6,7,6,7,13,8,7,5,6,4,4,4,6,8,4,10,8,7,4,6,5,5,6,5,5,4,4,7,5,6,7,5,7,6,5,7,3,4,6,6,10,7,5,9,5,6,8,7,5,9,13,6,8,6,12,11,9,5,6,7,11,5,5,5,12,8,9,8,5,3,6,5,5,4,19,7,8,6,8,5,7,6,6,8,11,8,10,8,10,11,10,3,7,7,5,9,10,9,7,6,6,5,13,7,9,4,8,6,11,4,5,7,6,11,10,2,37,6,17,4,9,8,15,12,5,7,3,5,10,7,3,4,5,6,3,11,9,6,4,9,5,4,6,4,8,8,,7,6,3,4,,9,10,8,10,8,7,14,10,7,9,9,5,,6,7,,7,8,6,7,6,7,4,8,5,12,3,4,6,19,3,10,6,7,10,5,7,7,7,10,10,3,7,7,8,10,4,9,9,20,5,5,5,8,5,8,11,7,7,7,6,4,5,3,6,6,8,9,5,4,5,16,17,7,9,9,14,17,5,18,9,6,6,7,6,9,8,10,8,7,8,5,5,6,8,7,5,8,7,16,2,6,7,5,3,4,8,10,10,4,5,6,8,7,54,6,4,7,9,6,10,4,5,8,5,5,12,,9,9,5,7,2,7,6,4,,3,7,12,6,8,8,6,8,7,8,5,3,4,9,8,6,4,10,,7,10,7,5,6,8,42,9,6,8,4,12,10,8,13,7,8,19,6,4,10,11,9,14,5,9,6,7,7,11,9,7,4,6,6,9,11,3,7,8,,11,4,27,7,7
20210920,21,SO2_24h,3,6,5,4,4,8,5,5,9,2,4,7,6,10,8,10,6,5,9,6,4,5,6,6,6,11,6,7,6,6,4,4,5,6,7,4,7,9,7,4,6,4,5,6,5,5,6,8,6,5,6,6,5,6,6,5,7,3,5,6,6,8,8,4,10,6,6,8,8,5,11,15,7,11,7,8,13,8,6,7,8,17,11,4,4,7,7,6,8,5,4,5,5,4,4,9,10,8,8,11,6,7,6,7,8,6,7,13,7,5,10,9,10,8,10,6,12,9,10,16,5,5,5,9,8,8,4,8,6,7,6,7,7,7,8,7,2,19,7,12,4,8,8,19,9,5,6,4,5,8,7,4,4,7,5,3,10,14,7,5,9,5,3,5,4,8,8,,6,5,4,4,6,9,10,8,8,9,5,10,9,6,9,9,6,2,6,6,,6,8,7,5,9,9,5,11,9,36,3,4,8,16,2,12,6,10,13,6,8,8,11,14,11,4,7,7,8,9,6,6,9,7,5,7,5,6,5,6,10,8,8,7,7,3,5,3,6,6,7,7,6,6,5,12,11,23,5,11,10,10,6,14,13,7,5,9,6,9,8,8,10,6,7,7,3,5,8,7,5,7,11,9,2,13,7,5,6,4,13,11,9,5,17,6,10,8,27,10,7,9,9,8,10,5,6,7,5,6,11,,9,9,6,8,2,7,8,5,,4,7,17,6,8,7,14,11,7,8,6,4,4,9,9,6,4,9,,8,10,9,8,8,7,49,9,5,9,4,7,9,6,12,5,7,13,6,7,12,11,8,14,10,10,5,8,14,18,10,7,4,7,7,9,11,4,10,14,,13,5,15,6,7
20210920,21,NO2,20,21,25,21,10,21,29,12,21,24,34,21,26,17,27,13,10,16,34,36,27,15,33,15,37,25,21,26,21,26,18,15,28,20,32,26,26,32,19,16,21,24,17,11,27,11,14,10,13,23,42,28,19,36,32,13,29,14,15,48,29,22,34,11,50,30,27,39,30,19,78,62,66,22,35,31,60,31,10,4,18,15,18,19,18,13,12,16,32,15,14,21,21,26,9,11,6,11,11,8,15,6,21,5,32,22,25,21,13,16,16,12,15,30,7,7,11,8,8,19,45,27,22,50,24,26,23,23,31,29,31,24,22,15,13,18,14,23,11,16,5,51,49,40,29,29,25,54,44,20,13,9,38,41,10,11,63,37,12,9,22,9,22,11,25,13,12,,12,11,9,8,,22,35,18,22,39,27,33,26,19,18,30,23,,15,19,,11,14,12,22,12,16,16,7,40,80,12,36,58,21,12,5,12,6,6,14,6,8,6,19,18,19,12,8,31,26,17,13,33,30,33,13,11,13,13,36,34,16,6,13,13,22,20,26,13,24,15,19,7,9,13,14,20,17,23,18,9,20,11,18,24,17,16,18,23,17,24,12,18,31,14,25,16,13,17,18,8,11,21,19,12,23,17,22,24,10,19,14,20,25,14,22,18,26,13,17,46,24,34,21,20,27,69,31,41,51,10,,49,16,22,7,18,22,24,41,,21,7,29,11,11,18,16,7,15,19,20,15,25,8,28,27,13,30,,5,9,36,32,15,23,83,37,63,89,53,107,35,76,52,48,38,82,17,7,39,23,23,16,31,46,45,30,79,18,7,40,30,34,35,28,11,8,26,17,,67,8,11,31,15
20210920,21,NO2_24h,11,12,12,18,8,11,14,11,18,16,11,14,12,24,21,25,8,28,28,19,14,14,21,13,14,17,15,20,19,18,13,10,13,25,17,20,16,26,17,10,15,19,23,11,15,16,15,12,16,10,20,15,10,25,17,10,21,11,16,23,16,16,21,12,28,29,20,16,16,16,46,34,23,35,14,15,24,16,20,9,18,17,21,14,10,10,8,15,16,11,9,12,13,11,8,8,13,10,9,8,12,6,14,9,17,12,13,13,10,12,13,11,26,29,17,16,20,14,12,30,25,19,15,22,17,17,12,14,20,16,20,22,15,11,10,10,9,12,8,13,6,23,24,25,18,20,25,17,15,16,17,10,21,17,17,9,14,26,13,34,16,18,10,7,15,9,11,,12,8,7,5,4,20,21,16,20,21,11,24,20,14,15,25,23,25,16,17,,9,8,13,15,23,21,10,17,29,43,13,21,18,16,14,7,8,18,21,22,12,30,20,21,21,15,12,13,25,16,14,10,24,21,16,14,11,7,9,14,19,14,8,11,8,8,10,8,12,17,11,19,11,9,12,12,12,13,13,11,9,12,11,16,18,18,11,18,13,14,13,8,12,13,13,11,8,8,8,9,8,5,12,10,7,10,9,10,14,5,22,12,14,21,13,5,12,10,11,11,20,17,25,23,27,14,30,17,16,23,8,,24,10,21,7,11,12,14,15,,6,7,12,8,8,10,11,8,9,10,11,13,11,11,7,19,14,20,,13,7,15,28,9,12,28,19,37,27,25,23,12,29,23,21,18,34,10,5,15,18,13,12,20,23,21,25,48,34,20,24,13,40,33,28,8,6,38,31,,30,10,9,16,13
20210920,21,O3,37,56,97,47,60,102,71,73,45,57,46,86,92,96,58,45,96,47,17,64,77,104,92,73,43,74,87,92,87,66,71,87,59,68,78,29,70,72,100,39,81,29,50,34,58,56,38,77,79,55,64,82,78,43,18,39,51,33,50,30,29,55,57,23,60,73,62,43,78,87,27,32,30,71,73,89,32,71,107,86,56,61,19,60,80,83,69,74,44,79,71,64,63,54,76,76,54,45,35,55,29,40,48,56,93,34,23,21,52,119,76,88,97,76,52,97,46,77,67,43,12,4,31,44,79,63,74,88,79,63,69,78,70,69,85,62,67,46,31,70,31,45,52,65,78,83,92,39,38,67,89,86,49,35,112,102,59,51,77,111,61,86,39,71,46,74,73,,74,73,63,70,,114,82,104,97,68,92,92,99,101,80,102,62,,42,79,,90,85,42,107,79,95,90,95,44,6,45,29,26,78,45,84,105,80,83,53,62,48,67,16,37,26,44,62,25,32,48,34,25,31,17,40,51,79,86,54,56,73,83,87,80,79,80,72,93,77,32,29,48,42,99,100,56,91,51,38,49,75,41,51,81,83,121,96,80,77,89,92,59,26,95,62,89,78,89,54,87,48,90,66,66,44,70,47,54,47,45,51,53,53,64,23,30,30,71,46,24,76,94,99,107,69,12,79,20,42,42,,26,51,75,87,53,55,42,31,,47,34,58,63,27,23,52,35,32,22,54,25,20,77,64,89,95,72,,105,76,34,63,43,43,14,39,39,29,30,15,66,16,9,32,34,2,69,89,54,82,70,83,66,58,59,101,55,61,69,66,84,78,97,49,53,93,66,61,,39,75,28,61,77
20210920,21,O3_24h,79,90,132,87,103,152,122,105,79,91,99,119,165,198,120,78,110,48,49,176,175,131,132,127,102,125,125,131,133,98,120,124,160,140,126,174,131,103,182,119,103,114,91,117,104,133,98,104,90,114,137,110,130,120,60,75,118,99,91,84,80,107,146,44,151,157,106,121,121,124,138,119,99,113,136,149,120,120,109,90,90,89,138,96,113,109,88,87,110,98,99,87,86,125,99,93,91,87,92,86,87,74,82,103,154,126,102,77,88,133,119,121,147,141,60,97,84,82,85,53,64,42,66,178,182,130,113,156,152,142,112,118,126,113,112,102,123,96,91,114,40,169,128,137,118,136,202,122,140,135,108,115,113,106,132,122,123,119,102,122,102,86,95,127,107,100,95,,87,99,91,99,84,161,171,134,113,171,158,134,141,147,142,168,111,56,120,141,,110,134,110,127,112,172,121,128,115,148,57,75,119,127,60,142,129,81,83,72,78,60,67,33,47,47,54,62,58,88,76,67,67,73,74,56,70,121,111,102,101,111,101,176,109,107,114,123,116,129,165,124,128,83,153,119,126,111,95,88,78,133,81,95,162,142,129,123,123,114,125,119,115,91,139,110,127,107,128,112,117,131,125,109,98,111,107,123,97,122,102,87,79,102,90,67,77,99,110,82,118,134,141,126,136,136,133,147,101,140,121,,93,91,122,145,110,126,99,106,,115,83,119,82,52,55,103,101,78,69,95,69,60,107,119,113,132,121,,109,104,137,121,105,113,105,124,119,126,121,133,102,144,105,123,118,126,129,131,126,165,120,130,121,121,115,145,138,99,81,122,116,121,138,80,67,98,90,120,,123,98,44,109,103
20210920,21,O3_8h,64,73,117,55,72,133,102,91,63,76,76,106,132,124,93,64,96,25,25,108,106,106,99,75,81,93,105,105,101,86,84,85,79,94,109,100,101,84,100,97,62,61,66,59,89,105,48,90,76,64,110,100,110,85,37,54,84,64,70,61,47,86,110,35,119,126,98,97,108,102,93,92,89,92,115,129,91,104,73,82,68,68,71,68,98,95,81,80,77,86,71,75,74,59,86,77,57,53,67,71,53,48,64,76,112,74,56,55,78,125,95,108,118,112,49,69,66,69,73,48,43,17,48,88,105,99,100,132,125,112,97,102,107,95,100,86,103,81,63,90,35,128,107,111,102,117,153,93,102,113,96,105,79,82,116,115,109,91,83,106,69,74,64,67,63,75,76,,73,75,72,83,,113,100,114,100,100,111,105,101,107,106,98,66,,70,103,,101,114,65,117,98,131,109,107,91,90,36,53,95,111,48,94,119,67,59,65,65,49,53,25,39,34,48,53,38,48,61,50,41,47,47,48,63,102,101,84,72,96,88,100,98,95,99,103,105,103,95,76,83,58,128,112,104,101,79,53,67,117,66,70,131,118,119,110,109,95,109,107,95,68,118,96,112,98,113,95,102,99,111,95,86,76,94,98,81,93,78,65,65,83,74,56,57,76,89,71,88,109,122,117,118,116,85,114,69,111,88,,75,81,108,121,86,102,82,82,,98,66,102,77,41,42,86,69,56,50,77,54,44,93,98,106,122,111,,103,90,102,88,82,88,78,98,98,106,94,108,88,107,72,94,99,93,114,116,109,131,103,119,106,106,91,125,108,87,74,105,108,108,126,71,60,91,82,86,,93,88,36,87,88
20210920,21,O3_8h_24h,74,83,121,83,99,136,111,97,76,81,92,110,134,129,105,68,102,28,38,135,131,107,105,121,87,105,105,106,109,89,97,111,138,118,117,136,114,85,124,107,89,99,78,93,98,118,73,91,79,97,122,102,114,87,46,55,87,66,73,65,60,90,120,37,126,137,94,102,110,107,116,100,91,100,119,131,103,112,73,83,78,75,104,88,100,95,83,80,83,88,93,76,77,126,92,85,66,76,77,73,71,50,70,76,113,96,85,64,81,125,107,115,118,118,59,69,70,70,77,47,57,33,59,108,146,110,105,138,132,123,105,106,110,98,102,89,112,88,75,93,37,143,112,114,105,123,163,107,110,122,97,106,87,93,116,117,119,100,95,106,88,74,83,114,96,87,85,,79,95,89,88,88,118,121,114,100,127,114,110,101,107,106,109,72,50,94,122,,101,120,91,119,107,139,112,117,97,116,54,62,106,121,52,111,121,67,59,65,75,49,53,27,39,40,49,54,49,62,71,54,51,58,68,51,64,107,105,92,93,96,90,142,101,98,104,109,105,105,123,100,106,77,131,112,108,101,84,68,71,118,72,85,136,124,119,114,117,101,114,109,101,79,118,102,114,100,115,101,104,106,112,98,92,110,96,105,82,104,88,69,68,85,77,64,67,86,94,76,95,121,127,119,122,127,101,117,81,126,94,,83,80,111,124,94,112,89,92,,103,68,110,79,45,46,92,79,65,51,82,56,50,95,101,107,123,116,,103,90,112,103,92,107,84,103,109,116,114,127,93,128,87,109,110,108,125,120,116,138,108,122,110,112,108,126,118,91,74,106,109,108,128,75,60,91,85,89,,105,90,36,99,89
20210920,21,CO,0.55,0.61,0.75,0.48,0.30,0.90,0.37,0.28,0.47,0.43,0.45,0.47,1.30,0.33,0.45,0.53,0.73,0.39,0.71,1.01,0.76,0.89,0.84,0.73,0.81,0.68,0.82,0.81,0.75,0.63,0.63,0.83,0.68,0.77,0.93,0.42,0.86,0.77,0.88,0.40,0.73,0.45,0.57,0.37,0.65,0.60,0.30,0.56,0.53,0.75,0.51,0.88,0.77,0.71,0.57,0.55,0.61,0.45,0.45,0.70,0.61,0.48,0.78,0.40,0.93,0.70,0.58,0.62,0.37,0.36,0.77,0.77,0.80,0.49,0.97,1.15,0.78,0.56,1.02,0.43,0.77,0.65,0.47,0.53,0.62,0.42,0.72,0.47,0.47,0.40,0.52,0.55,0.52,1.17,0.70,0.45,0.46,0.49,0.43,0.60,0.50,0.43,0.75,0.50,0.63,1.05,0.92,0.75,0.47,0.63,0.52,0.78,0.45,0.60,0.26,0.55,0.50,0.52,0.98,0.60,0.68,0.57,0.47,1.00,0.88,0.67,0.58,0.98,0.60,0.62,0.70,0.50,0.65,1.00,1.14,0.80,0.43,0.66,0.60,0.84,0.30,0.90,0.72,1.26,0.72,0.43,0.65,0.96,0.60,0.65,0.40,0.30,0.50,0.47,0.23,0.45,0.60,0.48,0.34,0.27,0.60,0.40,1.10,0.75,0.70,0.70,0.50,,0.45,0.95,0.85,0.70,,0.70,1.05,0.93,0.65,1.10,1.10,0.93,1.15,0.85,0.90,0.85,0.70,,0.45,0.85,,0.60,0.63,0.33,0.78,0.50,0.32,0.42,0.53,0.53,0.85,0.27,0.35,0.60,0.33,0.33,0.20,0.25,0.38,0.35,0.32,0.50,0.28,0.65,0.65,0.65,0.55,0.45,0.40,0.35,0.83,0.23,0.62,0.53,0.80,1.05,0.20,0.45,0.60,0.60,0.98,1.20,0.70,0.53,0.55,0.70,0.50,0.75,0.63,0.80,0.65,0.42,0.90,0.30,0.33,0.80,0.90,0.80,0.65,0.82,1.02,0.63,0.97,0.57,0.72,0.52,0.53,0.63,0.73,0.73,0.64,0.75,0.60,1.24,0.77,0.78,1.00,0.74,1.30,0.73,0.63,0.80,0.53,0.77,0.55,0.98,0.63,0.65,1.05,1.05,0.75,0.73,0.57,0.68,0.60,0.68,0.70,0.63,0.60,0.73,0.50,0.70,0.33,0.53,0.63,0.47,0.65,0.82,0.57,0.67,0.75,0.35,,0.40,0.77,0.50,0.40,0.65,0.53,0.70,0.85,,0.65,0.55,0.60,0.65,0.45,0.90,0.65,0.37,0.45,0.60,0.60,0.70,1.20,0.50,0.60,0.40,0.45,1.25,,0.35,0.45,0.67,0.43,0.45,0.40,0.65,0.80,0.60,0.65,0.25,1.00,0.70,0.60,1.00,0.45,0.45,0.50,0.30,0.70,0.60,0.60,0.40,0.50,0.30,0.45,0.60,0.65,0.70,0.80,0.15,0.55,0.40,0.63,0.80,0.57,0.20,0.30,0.55,0.10,,0.55,0.70,0.50,0.62,0.30
20210920,21,CO_24h,0.53,0.82,0.38,0.72,0.36,0.82,0.38,0.25,0.50,0.57,0.45,0.63,0.60,0.56,0.51,1.00,0.60,0.56,0.67,0.72,0.76,0.66,0.64,0.71,0.67,0.52,0.68,0.71,0.85,0.65,0.55,0.73,0.75,0.67,0.64,0.48,0.63,0.70,0.75,0.40,0.53,0.53,0.60,0.37,0.69,0.65,0.34,0.60,0.70,0.52,0.65,0.88,0.74,0.68,0.51,0.60,0.50,0.45,0.43,0.53,0.53,0.44,0.66,0.44,0.69,0.67,0.52,0.49,0.30,0.39,0.80,1.20,0.55,0.62,0.85,0.82,0.75,0.52,1.06,0.45,0.93,0.82,0.53,0.59,0.65,0.60,0.75,0.66,0.43,0.21,0.55,0.65,0.63,0.68,0.42,0.58,0.54,0.54,0.45,0.58,0.53,0.50,0.70,0.50,0.47,0.80,0.72,0.60,0.50,0.53,0.52,0.67,1.42,0.67,0.32,0.77,0.74,0.55,0.80,0.88,0.52,0.35,0.42,0.82,0.95,0.61,0.63,1.08,0.82,0.70,0.70,0.57,0.68,0.83,1.08,0.85,0.50,0.54,0.57,0.83,0.30,0.65,0.66,1.22,0.70,0.47,0.57,0.54,0.45,0.55,0.47,0.37,0.50,0.33,0.37,0.40,0.47,0.72,0.34,0.47,0.60,0.60,0.70,0.65,0.45,0.55,0.45,,0.45,0.85,0.60,0.40,0.60,0.60,0.75,0.80,0.55,0.90,0.90,0.87,1.00,0.80,0.80,0.60,0.70,0.70,0.50,0.65,,0.60,0.78,0.40,0.60,0.55,0.67,0.52,0.63,0.47,1.10,0.13,0.40,0.50,0.30,0.30,0.15,0.30,0.64,0.80,0.53,0.55,0.47,1.00,1.05,0.75,0.45,0.45,0.43,0.38,0.67,0.60,0.87,0.55,0.70,0.55,0.20,0.45,0.65,0.62,0.75,0.80,0.60,0.47,0.63,0.78,0.47,0.80,0.70,0.85,0.63,0.45,1.00,0.47,0.37,0.75,0.67,0.88,0.88,0.60,0.86,0.60,0.88,0.63,0.55,1.26,0.82,0.57,0.87,0.85,0.80,0.70,0.73,1.20,0.67,0.83,1.03,0.74,1.20,0.80,0.60,0.77,0.70,0.80,0.47,0.97,0.50,0.55,0.93,0.95,0.65,0.78,0.63,0.65,0.65,0.58,0.53,0.60,0.55,0.67,0.45,0.60,0.37,0.53,0.75,0.47,0.50,0.65,0.37,0.47,0.60,0.25,,0.25,0.60,0.82,0.37,0.60,0.40,0.60,0.60,,0.55,0.65,0.55,0.60,0.40,0.65,0.60,0.47,0.30,0.45,0.55,0.70,1.00,0.60,0.45,0.40,0.50,1.15,,0.35,0.45,0.57,0.47,0.50,0.35,0.50,0.50,0.45,0.25,0.10,0.35,0.50,0.40,0.30,0.30,0.30,0.40,0.30,0.70,0.60,0.50,0.40,0.40,0.30,0.40,0.43,0.55,0.55,1.00,0.20,0.45,0.20,0.80,0.35,0.63,0.30,0.40,0.65,0.25,,0.45,0.80,0.45,0.62,0.40
20210920,22,AQI,18,17,39,13,15,53,25,23,20,16,23,25,40,26,20,12,26,14,47,31,23,32,35,23,43,24,32,29,27,28,32,28,35,25,38,22,29,21,32,29,33,30,43,23,24,25,17,23,25,19,47,23,30,31,22,14,33,18,21,46,35,24,47,22,47,31,40,45,29,45,65,52,47,60,35,44,40,42,28,28,20,18,24,24,24,23,20,23,34,25,23,26,24,23,24,20,15,16,27,28,12,9,51,20,47,44,44,26,14,40,22,44,30,47,17,23,13,25,21,18,56,51,28,37,23,24,49,57,54,53,48,45,29,20,25,18,27,27,22,39,14,47,37,52,33,31,37,48,44,27,38,22,40,46,51,54,57,55,52,68,20,27,33,22,22,22,21,,23,21,21,23,,35,41,34,31,42,27,30,30,31,25,45,23,,35,40,,28,38,21,53,23,35,40,39,25,104,16,57,59,22,22,29,36,23,23,15,20,18,23,20,17,21,27,20,47,59,22,20,41,28,39,25,21,29,27,45,40,26,24,26,23,35,23,41,28,23,28,23,13,12,36,29,15,27,20,26,30,38,30,32,50,48,36,40,49,51,43,28,20,47,33,30,24,24,21,23,30,43,37,38,21,22,22,34,28,21,31,28,39,43,33,31,51,48,43,36,37,32,50,31,32,37,52,33,42,38,39,,33,20,39,24,37,40,19,32,,26,27,56,26,17,59,40,27,21,29,39,33,36,23,24,28,22,65,,33,22,55,30,25,39,81,50,66,57,35,83,43,82,78,72,50,116,26,40,53,65,24,37,67,69,36,90,113,55,118,89,90,89,115,54,60,24,65,60,,70,29,20,34,43
20210920,22,PM2.5,5,3,19,8,5,26,11,14,14,6,13,9,22,8,11,6,8,8,19,22,10,16,19,11,24,11,20,16,14,18,17,14,18,12,21,9,13,9,13,11,15,16,17,14,6,9,8,6,10,9,14,14,13,15,9,8,13,7,6,24,10,13,24,13,24,17,17,21,12,11,38,23,15,16,23,17,16,19,8,5,12,5,8,13,12,7,9,9,13,6,7,9,10,16,12,5,5,7,19,15,7,2,9,5,25,23,27,7,6,14,12,21,10,23,6,4,8,4,4,10,20,23,12,14,11,14,18,26,14,24,16,11,15,9,13,10,12,17,8,26,6,24,19,31,23,16,20,26,22,17,11,8,18,11,6,16,23,16,17,22,9,2,23,8,13,12,10,,15,12,15,8,,14,23,19,19,25,15,18,14,15,12,24,11,,16,24,,18,12,13,18,8,18,12,6,12,36,11,26,23,10,15,6,18,4,5,4,4,7,6,9,10,14,19,7,15,20,12,8,16,14,16,12,15,14,9,22,21,13,6,11,12,18,4,16,12,9,11,10,5,6,23,20,6,12,5,8,13,20,17,19,22,12,20,14,21,23,15,15,9,20,19,19,12,6,9,9,13,14,23,18,8,13,15,18,19,14,22,14,17,24,17,8,20,13,23,16,18,20,21,19,14,23,29,18,24,13,27,,9,11,17,16,14,25,13,18,,16,19,23,8,12,42,28,19,15,14,27,23,21,13,12,9,9,19,,4,9,22,11,9,15,19,15,26,36,17,35,16,29,16,33,14,56,15,28,28,47,7,17,32,27,14,32,36,16,32,31,32,44,71,16,17,6,15,17,,33,10,12,10,10
20210920,22,PM2.5_24h,5,4,10,9,4,9,11,12,13,9,8,8,8,16,12,22,7,16,16,23,19,21,22,13,9,19,22,22,21,20,21,17,16,29,21,19,24,22,24,16,11,24,25,21,7,22,14,10,5,9,12,9,7,11,6,6,9,6,7,13,9,6,22,8,15,16,10,12,8,10,20,19,13,23,10,12,17,15,14,8,24,12,18,11,3,3,6,9,8,4,6,4,7,15,9,5,9,15,12,9,13,11,11,8,10,16,19,13,6,4,9,11,42,14,9,9,15,7,12,22,11,18,11,20,22,9,15,12,13,16,12,10,13,8,8,4,11,14,7,17,7,14,13,19,13,15,16,16,11,15,12,10,10,9,8,7,15,19,16,31,11,3,12,11,8,10,7,,7,7,8,8,6,23,22,21,21,22,21,21,23,21,19,19,32,27,25,31,,9,8,20,10,14,20,15,9,13,27,18,16,16,11,14,10,17,19,12,15,25,20,24,12,13,9,15,11,13,15,17,11,17,18,9,9,13,14,12,13,14,11,15,20,10,12,4,10,11,16,18,24,17,13,19,18,10,18,9,10,16,16,18,25,20,22,10,14,13,13,7,13,8,9,21,16,12,6,10,6,7,6,15,13,7,12,15,9,15,7,19,17,14,16,17,6,15,7,20,15,11,13,15,14,12,16,15,11,11,7,15,,6,9,13,12,7,12,8,12,,5,9,20,8,9,13,15,21,9,7,9,12,11,14,7,13,8,24,,7,6,12,11,9,12,13,9,16,18,9,19,10,12,8,20,8,25,10,20,16,24,8,14,17,18,10,22,31,22,21,26,18,64,58,21,11,9,24,29,,18,14,9,9,11
20210920,22,PM10,18,6,39,13,11,56,25,12,13,10,23,20,40,25,20,12,23,9,47,28,23,32,35,18,43,24,32,29,19,28,32,28,35,25,38,22,29,21,24,29,33,30,43,23,24,25,17,17,15,19,47,23,30,31,22,14,33,18,21,46,35,24,47,22,47,31,40,45,29,45,80,54,47,70,35,44,40,42,15,15,6,8,24,24,19,20,19,12,34,12,13,26,24,22,10,14,9,16,26,28,12,6,51,17,47,44,44,26,14,40,19,44,17,47,5,12,12,14,7,18,62,52,28,37,23,24,49,64,58,55,48,45,29,17,18,18,27,27,22,39,14,47,37,53,28,31,37,48,44,27,38,10,40,46,52,58,64,59,54,86,14,5,33,15,22,20,16,,14,20,16,9,,27,41,34,31,42,27,30,24,21,25,45,23,,35,40,,24,38,21,55,14,35,40,39,16,158,12,63,68,18,22,5,36,3,7,4,4,11,9,20,17,21,24,14,47,68,22,20,41,28,39,25,17,29,27,45,40,21,12,22,21,35,15,41,22,17,28,23,8,12,36,28,15,25,20,26,30,38,30,32,50,48,32,40,49,51,43,27,20,47,33,30,23,19,21,23,21,43,37,38,14,22,22,34,28,21,29,28,39,43,33,31,51,48,43,36,37,32,50,31,25,37,54,33,42,38,39,,33,20,39,24,37,40,19,32,,26,22,61,26,16,19,33,23,21,29,36,26,36,19,24,22,22,80,,10,22,59,30,25,39,112,50,82,64,35,115,43,114,106,94,50,181,26,39,55,56,24,37,83,88,36,130,176,60,186,127,130,128,180,57,69,21,80,70,,90,29,20,34,43
20210920,22,PM10_24h,6,6,16,11,10,15,15,11,10,17,11,10,15,30,25,39,19,44,43,37,38,37,36,23,18,39,39,36,33,32,31,29,28,49,33,38,41,45,40,29,23,42,59,37,23,45,23,30,7,23,28,11,11,24,16,13,22,15,21,28,25,16,40,20,31,30,29,21,19,27,55,35,38,88,16,16,40,31,24,17,16,17,39,15,5,8,9,9,16,12,11,15,7,23,19,8,21,21,23,23,23,17,35,17,22,31,31,27,13,11,16,21,48,22,19,23,28,16,11,47,37,40,19,36,33,20,29,27,30,30,24,28,22,16,9,9,18,24,19,29,15,28,24,29,18,26,39,28,21,23,29,29,30,27,29,36,42,55,64,110,17,5,22,22,15,15,14,,12,12,22,15,20,38,43,34,41,38,34,34,36,32,34,38,48,58,42,47,,13,30,34,25,27,30,26,23,37,97,24,36,49,20,24,24,35,30,25,27,26,45,38,27,35,19,23,26,38,34,37,19,37,29,17,23,14,24,21,22,29,22,25,32,15,24,10,23,21,27,33,38,28,24,41,36,16,31,19,27,32,31,33,43,34,39,13,26,25,31,20,17,18,23,24,24,16,10,15,11,12,23,26,19,12,22,18,21,22,14,44,32,31,40,32,11,31,20,36,30,21,24,29,27,22,30,33,21,21,18,25,,24,15,28,18,18,20,15,20,,15,19,26,16,11,15,17,20,13,16,17,23,21,30,15,32,21,52,,19,17,29,29,21,30,36,30,65,41,24,58,33,40,40,41,26,40,14,27,27,42,22,30,51,51,26,76,117,81,111,92,85,175,181,71,57,30,85,86,,46,36,19,20,28
20210920,22,SO2,2,6,8,4,5,18,6,4,9,2,4,7,8,6,6,8,5,4,10,5,7,6,7,7,8,13,7,8,5,6,4,4,4,6,9,4,11,7,6,4,6,5,6,6,5,4,5,4,6,5,6,7,6,7,6,6,7,3,4,6,6,11,7,4,9,5,7,8,7,5,10,12,6,7,7,9,11,7,9,6,7,10,5,6,5,8,11,8,8,6,3,7,6,5,4,8,7,8,6,8,5,7,6,6,8,13,9,10,8,7,12,8,2,6,7,6,11,11,9,7,5,7,5,14,8,7,4,9,8,14,4,7,7,5,16,13,2,34,6,15,4,9,7,13,12,6,10,4,5,13,7,4,5,4,11,4,9,10,6,4,8,4,4,5,4,8,9,,7,6,4,4,,9,10,8,8,7,7,24,9,7,8,14,6,,7,7,,7,8,6,6,5,8,5,8,6,16,3,4,9,18,2,11,6,7,9,4,7,7,7,10,11,4,7,7,7,10,4,10,10,12,6,5,5,9,4,7,14,6,7,7,6,4,5,3,6,5,7,4,4,5,5,18,25,8,50,11,16,15,5,26,9,7,7,7,7,9,9,8,8,7,9,8,2,5,8,7,5,8,7,23,2,5,8,6,7,4,7,10,9,4,6,6,7,7,11,7,3,7,9,6,9,4,5,7,5,10,12,,9,8,5,7,2,6,6,4,,3,7,11,6,8,6,7,10,8,8,7,3,4,9,9,6,5,11,,7,10,7,4,6,7,38,8,5,9,3,6,9,6,15,7,7,17,6,7,7,12,9,14,8,8,6,7,5,11,8,9,4,7,14,10,11,3,7,9,,12,4,21,7,7
20210920,22,SO2_24h,3,6,5,4,4,9,5,5,9,2,4,7,6,10,8,9,6,5,9,6,4,5,7,6,6,11,6,7,6,6,4,4,5,6,8,4,7,9,7,4,6,4,5,6,5,5,6,8,6,5,6,6,5,6,6,5,7,3,5,6,6,8,8,4,10,6,6,8,8,5,11,15,7,10,6,8,13,8,7,7,7,17,11,4,4,7,7,6,8,5,4,5,5,4,4,9,10,8,9,11,6,7,6,7,8,7,7,13,7,5,10,9,10,8,8,6,12,9,9,15,5,6,5,10,8,8,4,8,6,8,5,7,7,7,9,7,2,20,7,12,4,8,8,20,9,5,7,4,5,8,7,4,4,7,6,3,10,13,6,5,9,5,3,5,4,8,8,,6,5,4,4,6,9,10,8,8,9,5,11,9,6,9,9,5,2,6,6,,6,9,8,5,9,10,5,11,9,36,3,4,8,16,2,12,6,10,13,6,8,8,11,14,11,4,7,7,8,9,6,7,9,8,6,7,5,6,5,6,10,7,8,7,7,3,5,3,6,6,7,7,6,6,5,12,12,20,7,11,10,10,6,14,12,7,5,8,6,9,8,8,9,6,8,8,3,5,8,7,5,8,10,10,2,13,7,5,5,4,13,11,9,5,16,6,10,8,27,10,7,9,9,8,10,5,6,7,5,6,11,,9,10,6,8,2,7,8,5,,4,7,16,6,8,7,14,11,7,8,6,4,4,9,9,6,4,9,,8,10,9,8,8,7,50,9,5,9,4,7,9,6,12,5,7,13,6,7,12,11,8,14,10,10,5,8,14,17,10,7,4,7,8,9,11,3,10,13,,13,5,15,6,7
20210920,22,NO2,23,22,26,24,12,23,27,12,21,27,41,19,31,22,36,16,9,16,29,34,33,15,28,16,34,26,20,28,20,26,24,15,44,22,34,29,25,34,18,15,18,23,17,12,33,15,15,11,11,23,41,42,25,41,31,14,31,14,14,56,34,22,38,13,50,36,31,44,32,17,78,73,79,33,46,30,70,30,16,3,23,14,18,22,15,13,13,14,28,13,13,20,22,26,9,12,7,11,12,9,17,10,23,4,31,24,30,20,15,18,16,11,13,24,7,13,14,9,7,30,33,28,20,56,25,34,21,29,31,36,38,23,23,15,15,19,12,21,10,18,4,55,53,41,33,30,26,61,51,20,22,10,49,37,13,8,34,42,10,10,20,10,20,12,24,13,14,,12,16,11,7,,21,26,20,22,42,25,29,23,18,17,38,23,,17,19,,11,13,12,19,14,25,18,12,49,79,12,39,61,23,10,4,9,10,6,10,6,6,5,16,19,19,11,8,30,30,14,14,33,25,35,11,22,14,11,26,29,16,6,15,12,17,17,13,13,20,16,17,8,14,10,17,26,19,26,18,9,17,11,16,25,20,17,18,24,15,20,11,23,20,13,33,16,11,32,20,7,10,24,19,11,25,14,26,33,10,17,17,15,30,16,20,19,28,12,21,37,26,26,36,20,30,57,30,39,20,10,,47,14,22,7,21,18,31,42,,20,7,24,11,11,13,31,10,14,16,41,16,22,8,21,18,32,35,,6,10,35,20,11,10,72,46,72,58,50,78,20,63,52,31,42,70,16,4,16,26,27,15,61,37,22,42,12,43,6,32,55,77,60,50,12,12,42,27,,65,8,11,32,25
20210920,22,NO2_24h,11,12,13,18,8,11,15,11,17,16,13,14,13,23,22,23,8,28,28,20,14,14,22,13,14,16,15,20,19,18,13,10,14,24,18,21,16,26,17,10,15,18,22,11,16,16,15,12,16,11,20,16,10,26,17,10,21,12,16,25,17,16,22,12,29,29,20,17,17,16,46,34,24,34,15,15,27,16,19,9,18,17,21,15,10,10,8,15,17,11,9,12,14,12,8,8,12,10,10,8,12,7,15,9,17,12,13,13,10,12,14,11,25,29,15,15,19,13,12,30,25,20,14,23,17,18,12,14,21,17,20,22,15,11,10,10,9,12,8,13,6,23,24,25,19,20,25,19,16,16,17,10,21,17,16,9,15,27,11,33,16,18,11,7,16,9,11,,12,9,7,5,4,20,21,16,20,22,12,24,21,14,15,26,23,25,15,16,,9,8,13,15,22,21,10,16,29,44,13,21,19,16,14,6,8,17,20,21,10,28,18,21,21,15,12,13,25,17,14,10,24,22,16,14,10,7,8,14,19,13,7,11,9,8,10,9,13,16,11,19,11,9,12,12,12,12,13,11,9,13,11,16,18,18,11,17,14,14,13,9,12,14,13,12,8,8,9,9,8,5,13,10,7,11,9,10,14,5,21,12,13,21,12,6,12,11,11,11,21,17,24,23,27,15,31,17,17,22,8,,24,10,21,7,12,12,14,16,,6,7,13,8,8,10,12,8,9,10,12,13,11,11,7,18,14,21,,13,7,16,27,9,12,30,20,37,27,25,25,13,30,24,22,18,35,10,5,15,18,14,12,21,23,20,25,44,33,16,23,13,40,34,26,8,5,34,32,,31,9,9,17,14
20210920,22,O3,34,55,89,42,49,87,69,72,40,52,36,81,77,83,39,36,83,46,22,68,65,101,81,72,43,73,88,91,86,60,59,83,37,61,66,20,71,67,102,36,83,28,48,29,47,48,37,72,81,55,57,61,66,31,16,35,41,27,40,16,18,47,41,20,52,60,49,30,66,84,20,14,10,56,54,80,16,64,90,89,65,58,24,55,77,75,65,73,45,79,74,63,57,52,77,64,48,42,32,48,25,30,44,64,73,28,15,35,45,105,71,99,95,90,53,72,41,80,66,31,18,4,32,30,72,47,67,66,65,49,52,80,54,65,80,59,62,44,33,62,31,37,35,52,69,84,78,28,17,64,72,69,24,30,103,106,83,37,77,113,64,85,40,69,46,71,66,,72,67,57,74,,112,91,90,89,55,80,96,97,100,68,79,62,,40,72,,91,80,41,101,75,79,77,83,22,10,47,22,16,70,41,93,106,75,73,49,65,59,72,16,31,24,47,63,23,16,50,27,22,31,16,38,22,77,85,62,67,83,78,83,74,74,74,84,91,74,24,24,43,32,78,84,41,85,43,28,47,66,37,50,72,74,115,88,74,94,93,89,46,33,93,48,77,76,60,45,95,49,75,50,66,33,65,28,29,40,41,42,55,38,55,19,22,21,57,33,26,60,92,62,102,60,11,67,13,75,39,,20,49,72,78,39,47,23,20,,37,34,56,53,22,23,25,32,28,18,32,20,15,72,59,89,62,56,,105,66,23,75,38,65,14,24,23,42,28,22,80,18,5,40,18,2,61,98,75,65,60,80,24,63,96,63,114,33,69,68,57,23,60,20,45,76,47,43,,38,70,24,55,59
20210920,22,O3_24h,80,90,132,87,103,152,122,105,79,91,99,119,165,198,120,78,110,48,49,176,157,131,132,127,102,120,121,126,125,98,115,120,152,140,126,174,131,96,182,119,102,114,91,117,104,133,98,104,91,114,137,110,130,120,60,75,118,99,91,84,79,107,146,44,151,157,106,121,121,124,138,119,99,107,136,149,120,120,109,91,89,83,138,96,113,109,88,88,100,98,99,88,86,125,99,93,91,79,92,86,86,64,82,103,154,126,102,77,88,133,119,121,147,141,60,97,84,84,83,53,64,42,66,167,177,126,113,156,152,142,112,118,126,113,112,102,123,96,91,114,40,169,128,137,118,136,202,122,140,135,108,115,113,106,132,122,123,119,102,122,102,86,95,127,107,100,95,,87,99,91,99,83,161,171,134,113,171,143,134,116,138,127,168,111,56,120,141,,110,134,110,127,112,172,121,128,115,148,55,75,119,127,60,142,129,81,83,72,78,62,72,33,47,47,54,63,58,88,76,67,67,73,74,56,70,121,111,102,101,111,101,174,109,107,114,123,116,113,165,124,128,78,153,119,126,111,95,88,78,133,81,95,162,142,129,123,123,114,125,119,115,91,139,110,127,107,128,112,117,131,125,109,98,111,107,123,97,122,102,87,79,102,90,67,77,99,110,82,118,134,141,126,136,136,133,147,101,140,121,,93,90,122,145,110,126,99,106,,115,83,119,82,52,55,103,101,78,69,95,69,60,107,119,113,132,121,,109,104,137,121,105,113,105,124,119,126,121,133,102,144,105,123,118,126,129,131,126,165,120,130,121,121,115,145,138,99,81,122,116,121,138,80,67,98,90,107,,123,98,44,109,103
20210920,22,O3_8h,60,69,113,53,68,126,97,89,59,73,70,102,126,112,83,60,94,30,22,96,101,107,99,74,76,91,103,104,100,83,82,86,74,86,102,84,94,83,100,86,64,48,63,49,81,97,43,88,77,60,101,95,104,77,33,51,78,61,67,56,41,81,100,32,109,116,90,88,103,99,80,82,79,87,107,123,80,98,76,83,65,66,60,66,96,94,79,79,71,85,74,74,70,58,85,76,52,50,60,66,46,44,59,76,109,62,47,50,74,123,89,106,116,109,50,70,63,71,71,45,37,13,44,79,101,90,95,123,115,101,90,97,100,91,97,82,96,75,59,85,35,114,97,104,97,112,139,82,90,106,92,101,68,73,114,114,104,82,82,108,68,75,57,66,58,74,72,,73,74,70,82,,116,100,112,100,94,108,106,103,108,103,96,65,,61,96,,100,109,58,114,94,120,105,102,84,73,38,46,83,104,46,93,118,70,61,63,65,52,57,23,38,32,48,54,34,41,58,45,36,42,42,46,57,98,98,80,70,95,87,97,94,92,95,99,104,100,81,63,73,55,121,109,94,100,75,49,65,113,61,65,124,110,120,107,103,92,106,105,87,61,117,89,108,94,105,87,101,92,106,90,83,71,90,88,76,82,72,60,63,77,71,50,51,67,83,64,80,101,116,109,117,108,71,109,60,104,82,,68,74,102,116,79,93,73,73,,89,61,94,74,38,40,77,61,51,48,70,49,40,91,94,104,115,104,,104,88,91,82,76,82,70,88,86,96,83,96,86,92,60,84,86,80,106,114,105,119,96,113,95,100,90,118,108,80,74,102,102,98,120,64,58,90,77,81,,83,85,35,81,85
20210920,22,O3_8h_24h,74,83,121,83,99,136,111,97,76,81,92,110,134,129,105,68,102,31,38,135,131,108,105,121,87,105,105,106,109,89,97,111,138,118,117,136,114,85,124,106,89,99,78,93,98,118,73,91,80,97,122,102,114,88,46,55,87,66,73,65,60,90,120,37,126,137,94,102,110,107,116,100,91,100,119,131,103,112,76,84,78,75,104,88,100,95,83,81,83,88,93,76,77,126,92,85,66,76,77,73,71,50,70,76,113,96,85,64,81,125,107,115,118,118,59,70,70,72,77,47,57,33,59,108,146,110,105,138,132,123,105,106,110,98,102,89,112,88,75,93,37,143,112,114,105,124,163,107,110,122,97,106,87,93,116,117,119,100,95,108,88,75,83,114,96,87,85,,79,95,89,88,88,118,121,114,101,127,114,110,103,108,106,109,72,50,94,122,,101,120,91,119,107,139,112,117,97,116,54,62,106,121,52,111,121,70,61,65,75,52,57,27,40,40,49,54,49,62,71,54,51,58,68,51,64,107,105,92,93,96,91,142,101,98,104,109,105,105,123,100,106,77,131,112,108,102,84,68,71,119,72,85,136,124,120,114,117,101,114,109,101,79,118,102,114,100,115,101,104,106,112,98,92,110,96,105,82,104,88,69,68,85,77,64,67,86,94,76,95,121,127,119,122,127,101,117,81,126,94,,83,79,111,124,94,112,89,92,,103,68,110,79,45,46,92,79,65,51,82,56,50,95,101,107,123,116,,104,90,112,103,92,107,84,103,109,116,114,127,93,128,87,109,110,108,125,120,116,138,108,122,110,112,108,126,118,91,74,106,109,108,128,75,60,91,85,89,,105,90,36,99,89
20210920,22,CO,0.61,0.59,0.85,0.47,0.34,0.95,0.34,0.28,0.45,0.45,0.50,0.47,1.23,0.38,0.53,0.59,0.70,0.36,0.65,1.03,0.83,0.86,0.89,0.70,0.83,0.66,0.84,0.83,0.75,0.63,0.73,0.83,0.75,0.76,0.94,0.42,0.84,0.73,0.85,0.37,0.83,0.45,0.57,0.37,0.67,0.58,0.30,0.60,0.45,0.67,0.49,0.91,0.82,0.73,0.58,0.53,0.59,0.45,0.45,0.73,0.66,0.52,0.81,0.42,0.90,0.72,0.59,0.64,0.38,0.34,0.75,1.00,0.93,0.50,1.03,1.08,0.86,0.48,1.20,0.35,0.90,0.65,0.47,0.56,0.60,0.48,0.78,0.47,0.47,0.34,0.47,0.55,0.50,1.27,0.68,0.47,0.46,0.50,0.45,0.60,0.47,0.47,0.75,0.47,0.63,1.05,1.12,0.70,0.47,0.60,0.48,0.72,0.42,0.45,0.26,0.78,0.98,0.57,0.94,0.62,0.60,0.57,0.45,1.05,0.90,0.69,0.54,0.86,0.58,0.80,0.66,0.42,0.62,1.00,1.08,0.80,0.43,0.66,0.60,0.80,0.30,0.93,0.78,1.22,0.77,0.47,0.68,0.98,0.68,0.65,0.35,0.30,0.60,0.44,0.27,0.40,0.47,0.54,0.30,0.27,0.50,0.40,1.10,0.65,0.60,0.70,0.50,,0.45,1.05,0.90,0.70,,0.70,1.00,0.93,0.65,1.10,1.10,0.97,1.05,0.75,0.90,1.15,0.70,,0.50,0.90,,0.63,0.63,0.33,0.68,0.48,0.58,0.46,0.57,0.53,0.78,0.30,0.40,0.60,0.33,0.33,0.20,0.25,0.38,0.38,0.32,0.45,0.22,0.65,0.65,0.60,0.55,0.40,0.40,0.38,0.87,0.20,0.63,0.53,0.67,1.25,0.20,0.60,0.62,0.57,0.80,0.98,0.70,0.57,0.58,0.74,0.50,0.75,0.60,0.82,0.60,0.40,0.53,0.33,0.37,0.75,0.88,0.75,0.67,0.88,0.98,0.63,0.95,0.50,0.80,0.52,0.50,0.60,0.70,0.72,0.70,0.68,0.57,1.24,0.60,0.80,1.07,0.74,1.25,0.83,0.63,0.80,0.50,0.80,0.65,0.95,0.63,0.68,1.05,0.97,0.75,0.70,0.57,0.60,0.63,0.68,0.70,0.63,0.65,0.70,0.50,0.63,0.37,0.50,0.75,0.50,0.68,0.75,0.53,0.67,0.63,0.30,,0.35,0.83,0.53,0.40,0.70,0.50,0.75,0.85,,0.65,0.60,0.70,0.65,0.45,0.70,0.75,0.40,0.40,0.55,0.60,0.70,1.25,0.55,0.60,0.40,0.70,1.45,,0.35,0.45,0.67,0.40,0.35,0.30,0.50,0.65,0.65,0.50,0.15,0.65,0.55,0.45,0.90,0.35,0.40,0.50,0.30,0.60,0.50,0.80,0.50,0.50,0.63,0.40,0.40,0.80,0.10,0.90,0.15,0.55,0.50,1.20,0.85,0.83,0.20,0.40,0.65,0.15,,0.50,0.70,0.50,0.62,0.33
20210920,22,CO_24h,0.51,0.80,0.42,0.71,0.36,0.83,0.38,0.25,0.47,0.53,0.45,0.60,0.63,0.56,0.51,0.94,0.60,0.54,0.67,0.73,0.77,0.69,0.66,0.71,0.67,0.52,0.70,0.71,0.85,0.63,0.57,0.75,0.75,0.67,0.67,0.48,0.63,0.70,0.75,0.40,0.53,0.53,0.60,0.37,0.69,0.65,0.34,0.60,0.68,0.52,0.63,0.88,0.74,0.67,0.51,0.58,0.50,0.45,0.45,0.55,0.53,0.44,0.66,0.42,0.70,0.66,0.52,0.50,0.30,0.38,0.78,1.20,0.57,0.62,0.85,0.83,0.75,0.52,1.06,0.45,0.93,0.82,0.53,0.59,0.65,0.58,0.75,0.63,0.45,0.21,0.55,0.63,0.63,0.70,0.44,0.58,0.54,0.54,0.45,0.58,0.53,0.50,0.70,0.50,0.50,0.80,0.72,0.60,0.50,0.53,0.51,0.67,1.38,0.63,0.30,0.70,0.76,0.53,0.82,0.88,0.52,0.35,0.42,0.82,0.93,0.61,0.61,1.08,0.78,0.72,0.70,0.55,0.68,0.87,1.08,0.83,0.50,0.54,0.57,0.81,0.30,0.63,0.66,1.24,0.70,0.47,0.57,0.56,0.45,0.57,0.45,0.37,0.47,0.34,0.37,0.40,0.47,0.70,0.34,0.47,0.60,0.50,0.80,0.65,0.50,0.55,0.45,,0.45,0.85,0.60,0.40,0.60,0.60,0.80,0.83,0.55,0.90,0.95,0.87,1.00,0.80,0.80,0.60,0.70,0.70,0.50,0.65,,0.60,0.75,0.40,0.60,0.55,0.67,0.52,0.63,0.47,1.10,0.20,0.35,0.50,0.30,0.30,0.15,0.30,0.56,0.80,0.47,0.55,0.47,0.95,1.05,0.70,0.45,0.45,0.43,0.38,0.70,0.57,0.88,0.55,0.70,0.60,0.20,0.45,0.63,0.62,0.75,0.82,0.60,0.47,0.60,0.78,0.47,0.80,0.70,0.82,0.60,0.45,0.97,0.43,0.37,0.75,0.67,0.88,0.78,0.63,0.86,0.60,0.90,0.63,0.55,1.18,0.82,0.57,0.85,0.83,0.80,0.70,0.70,1.20,0.67,0.83,1.07,0.74,1.20,0.80,0.60,0.77,0.70,0.80,0.50,1.00,0.50,0.55,0.93,0.95,0.65,0.78,0.63,0.65,0.65,0.60,0.53,0.60,0.55,0.67,0.45,0.60,0.37,0.53,0.75,0.50,0.53,0.65,0.40,0.47,0.60,0.25,,0.25,0.63,0.80,0.37,0.60,0.40,0.60,0.65,,0.55,0.65,0.55,0.60,0.40,0.65,0.60,0.47,0.30,0.45,0.55,0.70,1.00,0.55,0.45,0.40,0.50,1.15,,0.35,0.45,0.57,0.47,0.50,0.35,0.50,0.50,0.45,0.25,0.10,0.40,0.50,0.40,0.30,0.30,0.35,0.40,0.30,0.70,0.60,0.60,0.40,0.40,0.30,0.40,0.43,0.55,0.55,1.00,0.20,0.45,0.20,0.80,0.35,0.60,0.20,0.40,0.65,0.25,,0.45,0.80,0.45,0.58,0.37
20210920,23,AQI,17,15,37,14,14,51,26,21,21,17,23,25,47,27,22,12,25,14,34,33,24,32,34,23,44,23,33,29,24,29,36,28,36,24,34,35,26,22,28,25,32,27,37,22,22,17,17,20,26,18,48,26,33,29,25,15,30,15,19,46,37,26,50,28,44,34,44,43,32,38,65,54,59,63,44,33,51,44,26,27,21,17,25,27,22,24,21,23,39,24,20,26,21,23,23,19,12,15,31,26,9,11,41,18,29,51,52,27,18,47,18,33,24,32,18,20,15,26,20,19,49,41,29,34,21,26,49,63,53,41,50,37,30,20,21,21,24,39,22,38,12,56,44,51,41,36,45,46,47,26,52,17,44,39,36,41,48,50,50,43,20,28,33,22,16,20,21,,22,22,21,23,,36,32,40,32,49,23,32,29,29,25,44,25,,34,38,,28,41,21,39,16,31,46,22,25,97,16,52,64,22,20,30,34,23,18,14,21,23,22,19,29,22,26,22,40,57,18,23,37,25,43,23,26,30,26,43,32,28,22,25,24,32,24,39,29,22,29,25,12,22,27,29,21,25,20,28,27,40,30,32,53,51,34,40,47,44,41,30,21,38,32,33,24,22,33,21,29,44,46,37,21,29,26,37,38,26,30,40,34,43,38,28,51,44,45,39,31,35,33,33,29,42,52,33,40,22,37,,40,19,35,23,40,37,23,32,,31,34,52,33,16,36,46,26,16,30,34,25,28,23,22,27,44,83,,31,21,52,23,24,32,65,58,57,58,38,58,40,79,74,60,46,99,32,38,41,59,35,35,65,68,32,101,139,61,121,92,84,137,129,64,33,30,68,60,,71,111,25,33,51
20210920,23,PM2.5,5,4,18,8,5,22,10,14,15,4,12,9,28,8,13,6,8,8,18,23,11,15,18,9,24,10,18,16,14,17,18,14,21,12,19,17,12,10,13,10,15,17,16,12,9,8,9,6,9,9,13,14,11,14,10,9,11,6,6,23,13,13,24,15,23,19,20,19,13,11,34,27,19,14,25,17,16,14,14,4,12,5,9,15,9,9,13,15,18,7,7,12,9,12,10,11,5,9,18,13,6,3,9,5,15,25,29,7,6,16,10,11,11,15,5,14,7,4,4,12,23,17,12,15,11,18,18,29,13,18,16,9,13,10,13,11,12,21,10,23,6,30,22,29,29,22,21,27,20,18,12,7,15,11,6,14,18,17,12,8,6,2,22,12,10,12,10,,9,9,12,4,,16,18,24,19,31,14,19,12,15,11,25,11,,15,23,,14,16,13,12,8,15,14,7,12,36,11,22,27,10,13,5,16,4,5,4,4,7,6,9,6,9,18,5,12,22,11,9,14,13,26,11,18,11,9,22,15,16,5,12,11,20,3,16,14,12,11,9,5,5,18,17,15,13,5,8,12,19,15,19,23,15,21,18,20,23,14,15,10,21,19,22,11,4,11,11,13,15,32,21,7,14,18,21,23,18,21,16,18,21,20,9,22,13,21,19,15,18,18,22,14,25,21,18,23,11,26,,6,10,20,16,14,21,12,19,,18,24,30,11,11,25,32,18,4,10,21,17,19,9,10,7,15,61,,5,9,22,10,10,13,22,17,20,35,11,33,16,27,10,31,13,56,16,25,29,34,10,17,38,27,11,32,32,16,26,36,34,63,98,24,8,3,21,29,,28,13,13,10,11
20210920,23,PM2.5_24h,5,3,10,8,4,10,10,12,12,8,8,9,9,16,12,20,7,16,16,23,18,21,22,13,10,17,22,21,21,19,20,16,15,27,21,19,23,22,24,16,11,24,24,20,6,22,14,10,5,9,12,9,7,11,6,6,9,6,7,14,9,7,22,8,16,16,11,12,8,10,20,19,14,23,10,12,17,15,14,8,24,11,18,11,4,4,6,9,8,4,6,4,7,15,9,5,9,15,12,9,13,10,10,8,11,16,20,13,6,5,9,12,40,14,8,8,14,6,11,21,12,18,11,18,20,9,15,12,13,16,12,10,13,8,8,4,11,14,7,18,6,14,13,19,13,15,17,16,11,16,12,10,10,9,7,7,15,18,15,30,11,3,12,11,8,10,7,,7,7,8,8,6,23,22,20,21,22,21,20,22,21,18,19,31,27,24,30,,10,8,19,11,14,20,15,8,13,28,17,16,15,11,14,10,17,17,12,14,23,19,23,12,12,9,15,10,12,16,16,11,16,18,9,9,12,12,11,14,14,10,14,18,10,12,3,11,10,15,18,23,17,12,20,17,9,16,9,10,16,16,17,24,20,23,11,14,13,14,8,13,7,10,22,15,12,6,9,5,7,6,15,12,7,12,14,11,14,7,19,17,14,16,17,6,15,7,20,15,11,13,15,15,12,16,15,11,12,7,15,,6,9,13,12,7,12,9,13,,6,10,20,8,9,13,16,21,8,7,10,12,11,14,7,13,8,24,,7,6,12,12,9,13,14,9,16,19,9,20,11,12,8,19,8,26,10,20,16,24,8,14,18,18,10,22,31,22,21,26,19,64,60,19,10,8,22,29,,18,14,10,8,11
20210920,23,PM10,17,7,37,14,11,51,26,10,7,10,19,21,47,27,22,12,24,9,34,29,24,31,34,16,44,23,33,29,19,29,36,28,36,24,34,35,26,22,25,25,32,27,37,22,22,17,17,19,16,18,48,26,33,29,25,15,30,15,19,46,37,26,50,28,44,34,44,43,32,38,79,58,67,75,44,33,51,44,17,14,10,9,25,27,19,24,18,19,39,11,11,26,21,23,10,15,5,15,31,26,9,11,41,9,29,51,53,27,18,47,17,33,24,32,8,16,15,11,8,19,49,41,29,34,21,22,49,75,55,41,50,37,30,20,18,21,24,39,22,38,12,62,44,52,36,36,45,46,47,26,53,13,44,39,36,41,48,50,50,43,15,2,33,13,15,17,16,,14,20,8,12,,31,32,40,32,49,22,32,20,20,25,44,25,,34,38,,24,41,21,39,15,31,46,20,25,143,12,54,77,22,20,4,34,3,12,5,2,11,8,19,29,22,22,6,40,63,18,23,37,25,43,23,22,30,18,43,32,28,11,24,18,32,12,39,24,17,29,25,8,22,27,29,16,24,20,28,27,40,30,32,56,51,34,40,47,44,41,30,21,38,32,33,24,17,33,21,19,44,35,37,13,29,24,37,38,26,29,40,34,43,38,28,51,44,45,39,31,35,33,33,29,42,53,33,40,21,33,,40,19,35,23,40,37,23,32,,31,25,54,33,14,15,38,24,16,30,34,25,28,20,22,13,44,93,,12,21,53,22,24,32,80,65,64,66,38,65,40,108,97,70,46,148,32,38,37,67,35,35,80,85,32,152,227,72,191,133,117,223,193,78,33,30,85,69,,92,172,25,33,51
20210920,23,PM10_24h,6,5,17,11,10,17,15,11,8,15,11,11,16,31,24,34,19,43,43,37,35,36,36,23,19,38,38,35,32,31,30,29,26,46,33,38,40,44,39,28,23,41,58,36,19,44,23,29,8,23,30,12,12,25,17,13,23,16,21,29,26,16,40,20,32,30,30,21,20,28,57,36,39,87,16,16,41,32,22,16,15,17,39,15,6,9,10,9,16,12,11,16,8,23,19,9,19,21,24,23,22,16,35,17,22,32,32,27,13,13,16,22,47,23,16,22,26,15,11,46,38,40,19,34,30,19,30,30,32,31,25,28,23,17,9,9,18,25,19,29,15,29,25,31,19,27,39,28,22,23,31,28,30,28,29,37,42,55,62,107,17,5,22,22,15,15,14,,12,13,22,15,21,37,42,34,40,38,33,33,35,31,33,39,45,58,41,46,,14,31,34,26,27,31,28,23,35,101,23,35,50,19,24,23,35,26,24,25,22,42,36,26,33,19,23,25,38,35,35,19,36,29,18,23,13,22,19,23,29,21,24,30,15,24,9,25,19,24,33,37,26,23,41,34,15,29,19,27,31,31,33,42,36,40,14,28,27,32,22,17,16,23,25,23,17,11,15,11,12,24,26,19,12,21,18,23,22,14,43,33,31,40,32,12,31,20,37,30,21,25,30,27,23,30,34,21,22,19,25,,24,15,29,18,19,21,15,21,,16,20,27,16,11,15,19,20,13,16,18,23,21,29,15,31,22,52,,18,17,31,30,21,30,39,32,66,41,24,59,34,43,41,42,26,44,15,27,27,44,22,30,51,54,27,77,124,80,113,92,84,174,181,66,52,27,81,85,,47,40,19,20,30
20210920,23,SO2,3,6,7,3,5,15,6,4,9,2,4,8,10,5,7,7,5,5,9,5,8,6,8,7,10,9,9,7,6,6,5,4,5,6,10,4,11,7,6,4,6,5,6,5,5,4,4,5,6,6,6,7,6,7,6,5,6,3,4,6,6,9,7,4,8,5,7,8,7,5,10,13,10,7,7,8,9,7,5,5,8,11,5,7,5,9,7,7,9,6,3,6,6,6,4,8,7,8,7,8,5,7,6,6,7,15,8,9,9,9,11,9,2,6,7,6,10,11,9,7,5,5,5,14,8,10,4,9,9,7,7,5,6,5,12,11,2,39,6,17,4,9,7,12,11,5,12,3,5,10,7,6,4,5,14,3,5,11,6,4,8,4,5,6,4,8,10,,7,7,4,4,,10,10,9,9,7,6,12,9,7,9,16,5,,7,7,,6,9,6,4,5,8,5,11,7,16,3,4,10,18,2,12,6,7,9,4,7,6,7,10,11,4,7,6,7,9,4,8,10,7,5,5,6,13,4,6,11,5,8,7,6,4,5,4,6,8,7,3,5,6,5,23,17,11,22,15,15,12,5,29,20,10,7,9,7,8,9,8,9,7,9,8,3,5,11,7,6,8,7,20,2,5,10,4,10,3,9,11,11,4,8,7,8,8,11,15,4,7,9,6,9,4,4,7,5,13,12,,10,9,5,7,2,6,6,4,,3,6,11,6,8,6,10,9,6,8,6,3,4,10,9,6,4,12,,8,10,6,4,6,7,12,10,5,9,4,5,10,6,15,6,7,17,6,8,10,10,10,15,9,8,5,7,5,13,8,8,4,7,24,9,10,3,9,7,,13,3,13,7,7
20210920,23,SO2_24h,3,6,5,4,4,9,5,5,9,2,4,7,6,10,8,9,6,5,9,6,4,5,7,6,6,12,6,7,6,6,4,4,5,6,8,4,7,9,7,4,6,4,5,6,5,5,6,7,6,5,6,6,5,6,6,5,7,3,5,6,6,8,8,4,10,6,6,8,8,5,11,15,7,10,6,8,13,8,6,7,7,17,11,4,4,7,7,6,8,5,4,5,5,5,4,9,10,8,9,11,6,7,6,7,8,7,7,13,7,5,11,9,9,8,7,6,11,10,9,14,5,6,5,10,8,8,4,8,6,8,5,7,7,7,9,8,2,21,7,12,4,9,8,19,9,5,7,3,5,8,7,4,4,7,6,3,10,13,6,5,9,5,3,5,4,8,8,,6,5,4,4,6,9,10,8,8,9,5,11,9,7,8,10,5,2,6,6,,6,9,8,5,9,10,5,11,9,36,3,4,8,16,2,12,6,9,13,6,8,8,11,13,11,4,7,7,8,9,6,7,9,8,6,7,5,6,5,6,11,7,8,7,7,3,5,3,6,6,7,7,6,6,5,12,12,17,8,11,11,10,6,15,13,7,6,8,6,9,8,8,9,6,8,8,3,5,8,7,5,8,9,10,2,12,7,5,6,4,13,11,9,5,15,6,10,8,27,10,7,9,9,8,10,5,6,7,5,6,11,,9,10,6,8,2,7,8,5,,4,7,16,6,8,6,14,11,7,8,6,4,4,9,9,6,4,9,,8,10,9,8,8,7,50,9,5,10,4,7,9,6,12,5,7,14,6,7,12,11,8,14,10,10,5,8,13,17,10,7,4,7,9,9,11,3,10,13,,13,5,16,6,7
20210920,23,NO2,23,23,33,23,13,28,28,11,18,22,45,17,36,30,43,16,9,15,25,33,29,16,30,15,28,24,19,26,23,27,25,12,33,23,31,36,23,36,20,17,17,17,15,12,30,15,17,15,12,18,38,41,30,38,32,14,31,14,15,58,33,21,40,13,49,40,36,32,32,20,74,60,74,47,58,35,68,26,15,3,19,15,18,27,14,12,12,13,29,12,13,18,16,19,8,13,9,13,12,8,18,8,23,5,15,25,32,15,12,19,20,6,19,27,5,28,9,7,7,32,13,21,18,46,26,42,22,37,28,15,39,17,23,15,18,22,11,27,10,23,5,61,48,40,31,34,43,51,43,16,27,10,49,30,15,10,25,38,10,12,20,8,24,11,21,14,12,,13,16,9,7,,20,20,21,24,36,20,25,20,16,16,37,26,,21,18,,10,14,13,11,22,29,20,16,38,60,11,32,69,33,7,4,7,6,8,10,5,4,4,19,18,14,10,6,28,29,10,13,35,25,29,11,20,14,8,19,26,17,6,14,10,12,14,12,11,19,16,19,10,14,8,28,24,17,26,19,12,16,10,17,26,22,16,21,24,13,19,11,25,14,12,41,15,9,37,18,6,7,21,20,11,27,12,22,25,8,17,14,23,29,19,24,22,24,17,22,34,33,21,48,29,32,48,30,36,18,12,,44,13,25,7,21,23,33,45,,20,7,36,12,9,10,25,7,9,14,30,15,20,9,9,16,34,44,,9,10,34,20,13,12,42,35,50,45,47,37,16,59,50,26,45,59,18,4,8,26,30,13,69,44,18,41,10,44,7,20,35,83,73,60,15,14,68,16,,57,33,9,33,30
20210920,23,NO2_24h,11,12,14,18,8,12,15,11,17,16,15,14,14,23,22,21,8,28,28,21,15,15,23,13,15,17,15,20,19,18,14,10,15,23,18,21,16,27,17,10,15,18,22,11,16,16,15,11,15,12,21,18,11,26,18,10,22,12,16,26,18,16,23,11,29,29,21,17,17,16,47,35,26,33,17,16,28,17,18,8,18,16,21,16,11,10,9,14,17,11,9,12,14,13,8,9,12,10,10,8,13,7,15,8,17,12,15,13,10,13,14,10,24,29,13,16,18,13,11,30,24,20,14,24,17,19,12,15,22,17,20,21,15,11,10,11,9,12,8,13,5,24,24,26,19,20,25,20,17,16,17,10,22,18,15,9,15,27,9,32,17,17,11,7,16,10,11,,12,9,7,5,4,20,21,16,20,22,12,24,21,14,15,27,23,25,15,16,,9,9,13,15,22,21,11,16,29,44,13,21,21,16,14,6,8,15,19,20,9,27,17,20,20,15,12,12,25,18,13,10,25,21,18,14,10,7,8,15,20,13,7,11,9,8,10,9,12,16,11,19,10,9,12,12,12,12,13,12,9,13,10,16,18,17,11,17,14,14,13,9,13,14,13,14,8,8,11,9,8,5,13,10,7,11,9,11,15,6,20,12,13,22,12,7,13,11,11,11,21,18,23,23,27,15,31,16,17,22,8,,24,11,21,7,12,13,14,17,,7,7,13,9,8,10,12,8,9,10,13,13,11,10,7,18,14,21,,12,7,16,27,9,12,29,20,36,27,26,26,13,30,24,22,18,37,10,5,13,19,14,12,23,24,20,25,39,31,14,22,13,40,35,24,8,5,32,32,,32,9,8,18,14
20210920,23,O3,27,48,68,40,44,74,61,68,39,55,29,79,58,65,25,33,79,45,32,66,61,102,74,75,50,73,90,90,77,55,61,84,52,57,62,10,74,58,91,32,74,37,48,27,46,41,37,65,84,59,56,55,51,25,12,29,29,24,33,8,14,47,25,18,45,51,30,34,64,75,19,22,13,37,25,62,12,66,83,86,67,55,28,46,70,76,68,74,49,78,63,65,67,58,72,61,39,35,32,48,21,30,34,59,67,22,10,49,45,94,59,99,78,84,57,40,41,82,64,23,37,12,32,36,65,30,59,50,61,86,44,84,41,64,68,51,60,33,33,55,28,25,28,43,66,76,48,27,18,70,59,55,16,31,91,101,88,36,78,112,65,88,33,69,50,65,66,,71,71,66,72,,116,100,76,83,52,72,101,93,94,59,68,55,,34,68,,89,72,41,114,52,60,66,71,28,26,51,23,4,54,43,97,106,74,58,44,67,72,69,10,29,37,44,71,22,19,50,17,16,27,23,38,15,72,83,62,71,82,69,80,78,70,78,73,92,69,20,15,37,27,59,61,40,80,35,24,42,55,37,53,71,68,107,70,67,90,88,87,43,35,88,41,70,70,47,39,94,43,77,44,66,24,61,30,31,35,36,33,35,32,44,13,16,19,44,26,20,32,91,31,79,45,12,61,8,71,38,,16,47,65,71,27,35,15,9,,29,30,37,44,20,25,34,38,35,13,35,17,13,72,62,85,50,35,,99,58,17,72,28,67,31,26,37,41,30,58,81,17,5,41,16,2,60,95,82,53,52,82,9,48,100,65,115,29,67,80,72,15,39,6,39,56,20,48,,41,25,23,49,47
20210920,23,O3_24h,80,90,132,87,103,152,122,105,79,91,99,119,165,198,120,78,110,49,49,176,144,131,132,127,102,112,121,120,122,98,108,117,144,138,125,174,131,96,182,118,95,114,91,117,104,133,98,104,97,114,137,110,130,120,60,75,118,99,91,84,79,107,146,44,151,157,112,127,121,124,138,119,99,106,136,149,120,120,109,91,87,83,138,93,113,109,88,88,93,98,99,88,87,125,99,93,91,78,92,86,86,64,82,103,154,126,102,77,88,133,119,121,147,141,60,97,84,84,83,59,64,42,66,139,166,126,113,156,152,142,112,118,126,113,112,102,123,96,91,114,40,157,128,137,118,136,202,122,140,135,108,115,113,106,132,122,123,119,102,122,102,88,95,127,107,100,95,,87,99,91,99,83,161,171,134,113,171,132,123,113,119,125,168,80,56,120,141,,110,134,110,127,112,172,121,128,115,148,55,75,119,127,60,142,129,81,83,72,78,72,72,33,47,46,54,71,58,88,76,67,67,73,74,56,70,121,111,102,100,111,101,166,109,107,114,123,116,113,165,124,128,77,153,119,126,111,95,88,78,133,81,95,162,142,129,123,123,114,125,119,115,91,139,110,127,107,128,112,117,131,125,109,98,111,107,123,97,122,102,87,79,102,90,67,77,99,110,82,118,134,141,126,136,136,133,147,101,140,121,,93,90,122,145,110,126,99,106,,115,83,119,82,52,55,103,101,78,69,95,69,60,107,119,113,132,121,,109,104,137,121,105,113,105,124,119,126,121,133,102,144,105,123,118,126,129,131,126,165,120,130,121,121,115,145,138,99,81,122,116,121,138,80,67,98,90,100,,123,98,44,109,103
20210920,23,O3_8h,53,65,106,51,64,117,90,84,54,69,64,98,116,98,72,55,93,34,21,84,94,108,98,74,71,88,101,102,95,79,79,87,71,78,94,65,88,80,99,74,65,41,58,41,75,87,38,84,78,58,91,88,94,67,28,46,70,54,64,50,35,76,86,29,98,104,73,78,97,93,67,69,68,80,93,112,66,92,79,83,64,64,46,64,93,90,76,77,66,83,74,73,69,58,83,74,49,47,53,63,41,41,54,75,105,50,38,47,69,119,82,103,108,104,51,69,58,73,69,42,34,9,40,70,95,78,89,112,105,94,82,93,90,86,93,77,89,68,54,79,34,97,86,95,91,106,119,71,77,100,87,93,56,64,109,112,100,73,81,107,67,77,50,66,55,69,69,,72,74,70,81,,117,98,108,99,86,102,106,103,106,98,92,64,,51,88,,98,101,53,113,87,106,98,95,77,59,40,40,69,95,44,91,116,71,62,60,64,55,59,22,38,31,47,56,30,35,55,39,30,37,37,44,50,92,95,75,70,91,85,94,90,87,91,93,101,95,64,50,61,50,112,101,84,97,68,45,61,104,56,61,114,101,118,100,96,90,102,101,79,55,113,80,102,90,95,78,100,83,100,83,79,64,85,78,68,71,64,54,58,70,67,43,44,56,76,57,69,90,111,97,111,97,55,102,50,96,74,,59,68,95,110,70,83,64,62,,79,56,84,70,34,37,69,53,45,44,64,43,35,87,87,100,105,93,,104,85,78,76,67,77,61,77,76,87,71,87,84,78,48,74,74,66,98,111,100,107,88,107,81,90,88,108,106,72,74,99,96,86,108,55,56,86,68,75,,73,76,34,73,79
20210920,23,O3_8h_24h,74,83,121,83,99,136,111,97,76,81,92,110,134,129,105,68,102,35,38,135,131,109,105,121,87,105,105,106,109,89,97,111,138,118,117,136,114,85,124,105,89,98,78,93,98,118,73,91,82,97,122,102,114,88,46,55,87,66,73,65,60,90,120,37,126,137,96,106,110,107,116,100,91,100,119,131,103,112,80,84,78,75,104,88,100,95,83,81,83,88,93,77,77,127,92,85,66,76,77,73,71,50,70,76,113,96,85,64,81,125,107,115,118,118,59,70,70,74,77,51,57,33,59,108,146,110,105,138,132,123,105,106,110,98,102,89,112,88,75,93,37,132,112,114,105,124,163,107,110,122,97,106,87,93,116,117,119,100,95,108,88,77,83,114,96,87,85,,79,95,89,88,87,118,121,114,101,127,114,110,103,108,106,109,72,50,94,122,,101,120,91,119,107,139,112,117,97,116,54,62,106,121,52,111,121,71,63,65,75,55,59,27,40,40,49,56,49,62,71,54,51,58,68,51,64,107,105,92,93,96,91,142,101,98,104,109,105,105,123,100,106,77,131,112,108,102,84,68,71,119,72,85,136,124,120,114,117,101,114,109,101,79,118,102,114,100,115,101,104,106,112,98,92,110,96,105,82,104,88,69,68,85,77,64,67,86,94,76,95,121,127,119,122,127,101,117,81,126,94,,83,79,111,124,94,112,89,92,,103,68,110,79,45,46,92,79,65,51,82,56,50,95,101,107,123,116,,104,90,112,103,92,107,84,103,109,116,114,127,93,128,87,109,110,108,125,120,116,138,108,122,110,112,108,126,118,91,74,106,109,108,128,75,60,91,85,89,,105,90,36,99,89
20210920,23,CO,0.61,0.59,0.86,0.45,0.34,0.97,0.36,0.25,0.45,0.45,0.60,0.53,1.88,0.36,0.53,0.55,0.73,0.39,0.57,1.05,0.87,0.86,0.83,0.69,0.82,0.60,0.84,0.80,0.88,0.65,0.67,0.83,0.73,0.75,0.96,0.46,0.84,0.77,0.90,0.33,0.87,0.50,0.57,0.33,0.64,0.57,0.30,0.61,0.48,0.57,0.45,0.90,0.82,0.72,0.59,0.53,0.60,0.45,0.42,0.77,0.66,0.52,0.79,0.44,0.93,0.72,0.66,0.59,0.43,0.35,0.72,1.37,0.95,0.54,1.12,1.10,0.81,0.52,1.16,0.35,0.90,0.65,0.47,0.60,0.60,0.48,0.72,0.60,0.47,0.31,0.47,0.63,0.47,0.75,0.64,0.47,0.52,0.53,0.43,0.54,0.45,0.47,0.75,0.47,0.53,0.95,1.18,0.65,0.47,0.57,0.68,0.43,0.42,0.45,0.24,1.67,0.44,0.63,0.98,0.70,0.46,0.45,0.45,1.05,0.93,0.69,0.54,0.94,0.58,0.53,0.68,0.38,0.65,1.00,1.00,0.80,0.43,0.68,0.60,0.83,0.30,1.00,0.74,1.24,0.78,0.50,0.75,0.92,0.63,0.57,0.43,0.27,0.57,0.39,0.27,0.40,0.33,0.52,0.32,0.23,0.50,0.40,1.00,0.60,0.50,0.65,0.50,,0.55,1.05,0.80,0.60,,0.70,0.95,1.10,0.75,1.10,0.95,1.03,1.00,0.75,0.85,1.05,0.70,,0.55,0.90,,0.60,0.63,0.33,0.38,0.53,0.68,0.48,0.67,0.37,0.65,0.17,0.35,0.70,0.35,0.30,0.20,0.25,0.38,0.43,0.32,0.45,0.22,0.70,0.65,0.60,0.55,0.45,0.40,0.33,0.80,0.20,0.68,0.60,0.70,0.95,0.20,0.55,0.67,0.55,0.75,0.83,0.73,0.53,0.55,0.70,0.50,0.75,0.60,0.85,0.60,0.42,0.60,0.33,0.37,0.60,0.88,0.72,0.72,0.82,1.00,0.55,0.80,0.50,0.75,0.56,0.50,0.55,0.70,0.70,0.76,0.63,0.57,1.24,0.53,0.78,1.13,0.74,1.25,0.80,0.57,0.80,0.47,0.75,0.63,0.93,0.68,0.65,0.98,0.95,0.75,0.78,0.57,0.73,0.60,0.70,0.67,0.63,0.65,0.67,0.55,0.63,0.43,0.50,0.82,0.57,0.68,0.67,0.50,0.67,0.60,0.25,,0.35,0.73,0.55,0.40,0.70,0.50,0.70,0.90,,0.65,0.65,0.70,0.65,0.40,0.70,0.75,0.33,0.30,0.50,0.60,0.70,1.15,0.60,0.50,0.40,0.60,2.25,,0.35,0.45,0.67,0.40,0.35,0.30,0.40,0.65,0.35,0.40,0.15,0.45,0.50,0.45,1.00,0.30,0.40,0.50,0.20,0.60,0.50,0.60,0.50,0.50,0.73,0.40,0.37,0.65,0.10,0.85,0.15,0.45,0.40,1.30,0.85,1.07,0.20,0.40,0.80,0.20,,0.50,0.70,0.50,0.55,0.33
20210920,23,CO_24h,0.52,0.78,0.43,0.68,0.36,0.82,0.37,0.22,0.45,0.47,0.45,0.60,0.68,0.55,0.51,0.86,0.62,0.54,0.65,0.75,0.78,0.71,0.67,0.71,0.67,0.54,0.72,0.76,0.88,0.63,0.58,0.75,0.75,0.67,0.69,0.46,0.65,0.70,0.75,0.40,0.53,0.53,0.60,0.37,0.69,0.65,0.34,0.60,0.67,0.54,0.62,0.88,0.77,0.68,0.51,0.58,0.53,0.45,0.45,0.55,0.53,0.44,0.67,0.42,0.71,0.66,0.53,0.51,0.32,0.37,0.80,1.20,0.57,0.59,0.87,0.83,0.75,0.52,1.04,0.45,0.93,0.80,0.53,0.60,0.65,0.58,0.75,0.64,0.45,0.23,0.55,0.63,0.63,0.74,0.44,0.58,0.52,0.54,0.45,0.58,0.53,0.50,0.70,0.50,0.53,0.80,0.78,0.60,0.50,0.53,0.53,0.65,1.36,0.62,0.30,0.72,0.72,0.55,0.80,0.87,0.52,0.35,0.42,0.82,0.95,0.63,0.60,1.08,0.77,0.70,0.70,0.53,0.68,0.87,1.08,0.83,0.50,0.54,0.57,0.84,0.30,0.67,0.66,1.22,0.70,0.47,0.57,0.56,0.47,0.57,0.45,0.37,0.47,0.34,0.37,0.40,0.47,0.70,0.34,0.47,0.60,0.50,0.80,0.65,0.50,0.55,0.45,,0.45,0.85,0.60,0.40,0.60,0.60,0.85,0.83,0.55,0.90,0.95,0.87,1.00,0.80,0.80,0.65,0.70,0.70,0.50,0.65,,0.60,0.73,0.40,0.60,0.53,0.67,0.52,0.63,0.43,1.10,0.20,0.35,0.50,0.30,0.30,0.20,0.30,0.56,0.75,0.47,0.53,0.47,0.95,1.05,0.70,0.45,0.40,0.40,0.38,0.70,0.53,0.90,0.57,0.73,0.60,0.20,0.45,0.65,0.62,0.75,0.82,0.60,0.47,0.60,0.78,0.50,0.80,0.70,0.80,0.60,0.45,0.93,0.43,0.37,0.75,0.70,0.88,0.67,0.63,0.86,0.60,0.90,0.63,0.57,1.18,0.80,0.57,0.82,0.82,0.76,0.70,0.70,1.24,0.67,0.83,1.07,0.74,1.20,0.80,0.60,0.77,0.70,0.82,0.50,1.00,0.55,0.55,0.93,0.95,0.65,0.78,0.63,0.65,0.65,0.60,0.53,0.60,0.55,0.67,0.45,0.60,0.37,0.53,0.78,0.50,0.53,0.65,0.43,0.47,0.60,0.25,,0.25,0.63,0.80,0.37,0.60,0.40,0.60,0.65,,0.55,0.65,0.60,0.60,0.40,0.65,0.60,0.47,0.30,0.45,0.55,0.65,1.00,0.55,0.45,0.40,0.50,1.15,,0.35,0.45,0.57,0.47,0.50,0.35,0.50,0.50,0.40,0.25,0.10,0.45,0.50,0.40,0.30,0.35,0.30,0.40,0.30,0.70,0.60,0.50,0.40,0.40,0.30,0.40,0.43,0.55,0.40,0.95,0.20,0.40,0.20,0.80,0.35,0.60,0.20,0.40,0.65,0.25,,0.45,0.80,0.45,0.55,0.37